Backup ID, Logical chunk num, Unique chunk num, Base chunk num, Delta chunk num, Logical chunk size, Unique chunk size, Base chunk size, Delta chunk size, LZ4_save size, Delta_save size, 
0,598895,116850,116850,0,8588886016,1011643262,628342123,0,383301139,0
1,1197560,122453,122453,0,17177772032,1068656652,659750322,0,408906330,0
2,1796008,129193,129193,0,25766658048,1140428135,693084341,0,447343794,0
3,2394289,132218,132218,0,34355544064,1173572215,707445769,0,466126446,0
4,2992254,137183,137183,0,42944430080,1224739981,734692683,0,490047298,0
5,3590141,141681,141681,0,51533316096,1271368575,759014137,0,512354438,0
6,4187832,146604,146604,0,60122202112,1321553168,785642432,0,535910736,0
7,4785201,153531,153531,0,68711088128,1393256484,824536051,0,568720433,0
8,5382415,156743,156743,0,77299974144,1426507946,842593164,0,583914782,0
9,5979346,164425,164425,0,85888860160,1503145723,886557199,0,616588524,0
10,6576018,170688,170688,0,94477746176,1570301913,917857142,0,652444771,0
11,7172565,173447,173447,0,103066632192,1599181413,932110345,0,667071068,0
12,7768591,179273,179273,0,111655518208,1655302694,969034720,0,686267974,0
13,8364315,186287,186287,0,120244404224,1728219472,1006140718,0,722078754,0
14,8959750,192236,192236,0,128833290240,1791024047,1037464237,0,753559810,0
15,9555592,200085,200085,0,137422176256,1869703930,1083276243,0,786427687,0
16,10151063,206500,206500,0,146011062272,1936214316,1118875278,0,817339038,0
17,10746509,211749,211749,0,154599948288,1990916616,1146881433,0,844035183,0
18,11341783,216232,216232,0,163188834304,2036541023,1172450140,0,864090883,0
19,11937069,224744,224744,0,171777720320,2125378546,1218512512,0,906866034,0
20,12532503,230313,230313,0,180366606336,2183767775,1249449335,0,934318440,0
21,13128330,236831,236831,0,188955492352,2252007329,1286255075,0,965752254,0
22,13724614,242852,242852,0,197544378368,2314349175,1321225623,0,993123552,0
23,14321201,248008,248008,0,206133264384,2367327048,1349536965,0,1017790083,0
24,14918079,253296,253296,0,214722150400,2422851705,1378597770,0,1044253935,0
25,15514344,263864,263864,0,223311036416,2532991177,1436197064,0,1096794113,0
26,16110797,270198,270198,0,231899922432,2599455402,1470976123,0,1128479279,0
27,16707645,276189,276189,0,240488808448,2662676451,1503948588,0,1158727863,0
28,17305024,284120,284120,0,249077694464,2744938978,1548334343,0,1196604635,0
29,17903139,291725,291725,0,257666580480,2824004350,1591307110,0,1232697240,0
