Backup ID, FPindex, SFindex, Deltaindex
0,9348000,192,0
1,9796240,192,0
2,10335440,192,0
3,10577440,192,0
4,10974640,192,0
5,11334480,192,0
6,11728320,192,0
7,12282480,192,0
8,12539440,192,0
9,13154000,192,0
10,13655040,192,0
11,13875760,192,0
12,14341840,192,0
13,14902960,192,0
14,15378880,192,0
15,16006800,192,0
16,16520000,192,0
17,16939920,192,0
18,17298560,192,0
19,17979520,192,0
20,18425040,192,0
21,18946480,192,0
22,19428160,192,0
23,19840640,192,0
24,20263680,192,0
25,21109120,192,0
26,21615840,192,0
27,22095120,192,0
28,22729600,192,0
29,23338000,192,0
