BackupID, OnlineSpeed(MB/s), Encalve ProcessTime(s), BackupSize, OnlineSize, OfflineSize, OfflineTime(s)
0, 732.515, 11.182, 8588886016, 628342123, 628342123, 2.3e-05
1, 928.884, 8.81811, 8588886016, 659750322, 659750322, 2e-05
2, 927.204, 8.83409, 8588886016, 693084341, 693084341, 2.4e-05
3, 925.369, 8.85161, 8588886016, 707445769, 707445769, 2e-05
4, 954.221, 8.58397, 8588886016, 734692683, 734692683, 2.5e-05
5, 916.459, 8.93766, 8588886016, 759014137, 759014137, 2.4e-05
6, 951.868, 8.60518, 8588886016, 785642432, 785642432, 2.1e-05
7, 915.832, 8.94378, 8588886016, 824536051, 824536051, 1.9e-05
8, 934.07, 8.76915, 8588886016, 842593164, 842593164, 2e-05
9, 920.173, 8.90159, 8588886016, 886557199, 886557199, 1.9e-05
10, 939.149, 8.72173, 8588886016, 917857142, 917857142, 2.1e-05
11, 932.388, 8.78497, 8588886016, 932110345, 932110345, 2.1e-05
12, 931.221, 8.79598, 8588886016, 969034720, 969034720, 2.4e-05
13, 912.385, 8.97757, 8588886016, 1006140718, 1006140718, 2.4e-05
14, 929.2, 8.81511, 8588886016, 1037464237, 1037464237, 2.1e-05
15, 919.535, 8.90777, 8588886016, 1083276243, 1083276243, 2.5e-05
16, 938.766, 8.72529, 8588886016, 1118875278, 1118875278, 2.3e-05
17, 915.6, 8.94605, 8588886016, 1146881433, 1146881433, 2.1e-05
18, 941.176, 8.70294, 8588886016, 1172450140, 1172450140, 2e-05
19, 914.021, 8.9615, 8588886016, 1218512512, 1218512512, 1.9e-05
20, 951.213, 8.61111, 8588886016, 1249449335, 1249449335, 2e-05
21, 909.998, 9.00112, 8588886016, 1286255075, 1286255075, 2e-05
22, 944.056, 8.67639, 8588886016, 1321225623, 1321225623, 2.5e-05
23, 917.359, 8.9289, 8588886016, 1349536965, 1349536965, 2.1e-05
24, 926.331, 8.84241, 8588886016, 1378597770, 1378597770, 2.1e-05
25, 917.729, 8.92529, 8588886016, 1436197064, 1436197064, 2.1e-05
26, 924.445, 8.86046, 8588886016, 1470976123, 1470976123, 2.5e-05
27, 920.593, 8.89753, 8588886016, 1503948588, 1503948588, 2e-05
28, 920.853, 8.89502, 8588886016, 1548334343, 1548334343, 2.1e-05
29, 940.561, 8.70863, 8588886016, 1591307110, 1591307110, 2.5e-05
