Backup ID, Ecall, Inline_Ocall, Offline_Ocall, _Inline_FPOcall, _Inline_SFOcall, _Inline_LocalOcall, _Inline_LoadOcall, _Inline_DeltaOcall, _Inline_RecipeOcall, _Inline_Write_ContainerOcall, _inline_have_similar_chunk_num, _inline_need_load_container_num
0,4681,1716,0,0,0,0,0,0,584,151,0,0,
1,9361,2624,0,0,0,0,0,0,1168,159,0,0,
2,14039,3644,0,0,0,0,0,0,1752,167,0,0,
3,18716,4479,0,0,0,0,0,0,2336,171,0,0,
4,23390,5363,0,0,0,0,0,0,2919,178,0,0,
5,28063,6224,0,0,0,0,0,0,3502,184,0,0,
6,32735,7126,0,0,0,0,0,0,4085,191,0,0,
7,37404,8054,0,0,0,0,0,0,4668,201,0,0,
8,42072,8834,0,0,0,0,0,0,5251,206,0,0,
9,46738,9804,0,0,0,0,0,0,5833,217,0,0,
10,51402,10722,0,0,0,0,0,0,6415,225,0,0,
11,56065,11497,0,0,0,0,0,0,6997,229,0,0,
12,60724,12311,0,0,0,0,0,0,7579,238,0,0,
13,65381,13238,0,0,0,0,0,0,8160,247,0,0,
14,70035,14219,0,0,0,0,0,0,8741,255,0,0,
15,74693,15177,0,0,0,0,0,0,9322,266,0,0,
16,79348,16158,0,0,0,0,0,0,9903,275,0,0,
17,84002,17109,0,0,0,0,0,0,10484,282,0,0,
18,88655,18016,0,0,0,0,0,0,11065,289,0,0,
19,93308,19057,0,0,0,0,0,0,11646,301,0,0,
20,97962,20014,0,0,0,0,0,0,12227,309,0,0,
21,102619,21026,0,0,0,0,0,0,12808,318,0,0,
22,107280,22029,0,0,0,0,0,0,13390,327,0,0,
23,111943,23004,0,0,0,0,0,0,13972,334,0,0,
24,116609,23979,0,0,0,0,0,0,14554,341,0,0,
25,121270,25050,0,0,0,0,0,0,15136,355,0,0,
26,125932,26057,0,0,0,0,0,0,15718,364,0,0,
27,130597,27075,0,0,0,0,0,0,16300,372,0,0,
28,135267,28120,0,0,0,0,0,0,16883,383,0,0,
29,139942,29203,0,0,0,0,0,0,17467,394,0,0,
