Backup ID, Logical chunk num, Unique chunk num, Base chunk num, Delta chunk num, Logical chunk size, Unique chunk size, Base chunk size, Delta chunk size, LZ4_save size, Delta_save size, 
0,598895,116850,111570,5280,8588886016,1011643262,609406562,5677867,347804393,48754440
1,1197560,122453,115987,6466,17177772032,1068656652,636710345,7981252,362691514,61273541
2,1796008,129193,120678,8515,25766658048,1140428135,662564018,11807903,383055068,83001146
3,2394289,132218,122620,9598,34355544064,1173572215,673107187,13535058,392063200,94866770
4,2992254,137183,126505,10678,42944430080,1224739981,696296462,16312856,406912944,105217719
5,3590141,141681,129908,11773,51533316096,1271368575,716611748,18456834,419431260,116868733
6,4187832,146604,133668,12936,60122202112,1321553168,739053350,21540919,432808956,128149943
7,4785201,153531,139215,14316,68711088128,1393256484,772402797,22535287,454388925,143929475
8,5382415,156743,141753,14990,77299974144,1426507946,787716492,23881928,464126406,150783120
9,5979346,164425,147996,16429,85888860160,1503145723,826226430,27571042,484953029,164395222
10,6576018,170688,152701,17987,94477746176,1570301913,851648509,30181450,507850162,180621792
11,7172565,173447,154867,18580,103066632192,1599181413,863294182,31438196,518164966,186284069
12,7768591,179273,160115,19158,111655518208,1655302694,898076668,31716322,532987560,192522144
13,8364315,186287,165575,20712,120244404224,1728219472,929224114,35418963,556149284,207427111
14,8959750,192236,170093,22143,128833290240,1791024047,954782504,37646332,576269293,222325918
15,9555592,200085,176459,23626,137422176256,1869703930,994834412,41297039,597034746,236537733
16,10151063,206500,181527,24973,146011062272,1936214316,1024750955,43674503,617462786,250326072
17,10746509,211749,185479,26270,154599948288,1990916616,1047796645,46240343,633574724,263304904
18,11341783,216232,189117,27115,163188834304,2036541023,1069847153,48407589,647296715,270989566
19,11937069,224744,195923,28821,171777720320,2125378546,1109119272,52056268,676363083,287839923
20,12532503,230313,200356,29957,180366606336,2183767775,1135399768,53023324,694321129,301023554
21,13128330,236831,205427,31404,188955492352,2252007329,1166481472,56697355,713938050,314890452
22,13724614,242852,210303,32549,197544378368,2314349175,1196504194,59034821,732213814,326596346
23,14321201,248008,214335,33673,206133264384,2367327048,1220476473,61330745,747771042,337748788
24,14918079,253296,218361,34935,214722150400,2422851705,1244176388,63394297,764069483,351211537
25,15514344,263864,227118,36746,223311036416,2532991177,1294645428,68320583,802918807,367106359
26,16110797,270198,232240,37958,231899922432,2599455402,1324377124,69263594,825122346,380692338
27,16707645,276189,236872,39317,240488808448,2662676451,1351867789,73076868,844225327,393506467
28,17305024,284120,243239,40881,249077694464,2744938978,1389680968,75120863,869537319,410599828
29,17903139,291725,249295,42430,257666580480,2824004350,1426284114,78031391,893364759,426324086
