Backup ID, FPindex, SFindex, Deltaindex
0,9348000,21202816,234080
1,9796240,22048896,295232
2,10335440,22948160,398720
3,10577440,23320640,447616
4,10974640,24065536,497536
5,11334480,24716864,546112
6,11728320,25437504,596736
7,12282480,26496192,658848
8,12539440,26982976,688832
9,13154000,28179840,750432
10,13655040,29081216,817696
11,13875760,29495936,843680
12,14341840,30503424,867616
13,14902960,31550848,936064
14,15378880,32416704,997696
15,16006800,33637120,1062144
16,16520000,34608896,1121344
17,16939920,35367168,1176384
18,17298560,36065664,1213632
19,17979520,37369856,1285888
20,18425040,38220096,1335296
21,18946480,39192384,1396544
22,19428160,40127872,1446816
23,19840640,40901248,1494752
24,20263680,41673088,1549792
25,21109120,43353280,1625216
26,21615840,44335936,1676512
27,22095120,45224256,1733984
28,22729600,46445248,1801120
29,23338000,47607040,1867840
