Backup ID, Online Delta_save, Offline Delta_save, Offline delta time, Offline dedelta time, Offline delete time, Offline Delta chunk num
0,32574480,16179960,3466,1751,65,1715
1,42677335,18596206,5523,3598,95,1925
2,61366568,21634578,8353,6131,136,2222
3,69431607,25435163,11354,8842,181,2512
4,77827523,27390196,14884,12107,229,2777
5,82936089,33932644,19240,15851,300,3389
6,89238185,38911758,24006,20058,377,3948
7,95791204,48138271,29433,24758,467,4675
8,100456567,50326553,33356,28464,534,4892
9,106518765,57876457,38619,32913,637,5706
10,112720554,67901238,44475,37849,755,6626
11,115888976,70395093,49718,42831,843,6887
12,118974065,73548079,55149,48059,923,7090
13,123634037,83793074,61814,53653,1058,8161
14,129257168,93068750,68823,59824,1208,8999
15,135220647,101317086,76295,66446,1358,9849
16,141410413,108915659,84067,73494,1494,10573
17,145842384,117462520,92536,81128,1652,11408
18,150268468,120721098,99752,87983,1773,11769
19,156514960,131324963,109432,96611,1953,12821
20,161637913,139385641,118377,104908,2113,13469
21,168038890,146851562,127633,113337,2283,14296
22,174093138,152503208,136544,121681,2436,14863
23,179200848,158547940,146707,131237,2601,15470
24,183846394,167365143,156961,140689,2778,16272
25,190160522,176945837,168554,151256,2971,17298
26,195499746,185192592,179688,161748,3152,17940
27,200975322,192531145,192205,173459,3343,18746
28,207629159,202970669,204992,185356,3564,19636
29,215147469,211176617,218023,197599,3753,20424
