BackupID, OnlineSpeed(MB/s), Encalve ProcessTime(s), BackupSize, OnlineSize, OfflineSize, OfflineTime(s)
0, 424.426, 19.299, 8588886016, 620408330, 615084429, 4.95721
1, 747.163, 10.9628, 8588886016, 644940910, 644691597, 2.0079
2, 661.724, 12.3783, 8588886016, 674357459, 674371921, 2.73011
3, 736.087, 11.1278, 8588886016, 687528175, 686642245, 2.88854
4, 770.177, 10.6352, 8588886016, 712043547, 712609318, 3.20009
5, 774.014, 10.5825, 8588886016, 735702126, 735068582, 4.36072
6, 768.04, 10.6648, 8588886016, 760517967, 760594269, 4.65924
7, 755.001, 10.849, 8588886016, 797777892, 794938084, 5.35329
8, 774.419, 10.577, 8588886016, 812086245, 811598420, 3.47254
9, 763.147, 10.7332, 8588886016, 854180594, 853797472, 5.2601
10, 771.495, 10.6171, 8588886016, 883536637, 881829959, 5.75356
11, 806.497, 10.1563, 8588886016, 895230453, 894732378, 4.59984
12, 756.991, 10.8205, 8588886016, 931094711, 929792990, 4.53331
13, 768.164, 10.6631, 8588886016, 965537797, 964643077, 6.48856
14, 771.294, 10.6198, 8588886016, 994862368, 992428836, 6.85918
15, 744.155, 11.0071, 8588886016, 1036949393, 1036131451, 7.13357
16, 685.001, 11.9576, 8588886016, 1070171502, 1068425458, 6.89525
17, 780.984, 10.488, 8588886016, 1095441987, 1094036988, 7.89716
18, 770.268, 10.634, 8588886016, 1118528914, 1118254742, 6.20984
19, 749.334, 10.931, 8588886016, 1162660112, 1161175540, 8.91743
20, 748.179, 10.9479, 8588886016, 1191045551, 1188423092, 7.97929
21, 755.095, 10.8476, 8588886016, 1223645226, 1223178827, 8.43081
22, 765.058, 10.7064, 8588886016, 1256602957, 1255539015, 7.90931
23, 773.02, 10.5961, 8588886016, 1282744629, 1281807218, 8.62191
24, 736.627, 11.1196, 8588886016, 1309658955, 1307570685, 9.25501
25, 730.832, 11.2078, 8588886016, 1363859578, 1362966011, 10.5152
26, 762.632, 10.7404, 8588886016, 1396346691, 1393640718, 9.70003
27, 729.563, 11.2273, 8588886016, 1425336442, 1424944657, 10.8606
28, 757.659, 10.8109, 8588886016, 1467852716, 1464801831, 11.7678
29, 745.907, 10.9813, 8588886016, 1506002129, 1504315505, 11.3399
