Backup ID, Ecall, Inline_Ocall, Offline_Ocall, _Inline_FPOcall, _Inline_SFOcall, _Inline_LocalOcall, _Inline_LoadOcall, _Inline_DeltaOcall, _Inline_RecipeOcall, _Inline_Write_ContainerOcall, _inline_have_similar_chunk_num, _inline_need_load_container_num
0,4681,8509,66330,1132,1132,60,982,4619,584,157,6490,1273,
1,9361,14499,98931,1456,1456,71,1062,9286,1168,165,7687,1637,
2,14039,20753,141235,1892,1892,86,1184,13947,1752,173,9740,2220,
3,18716,26587,185264,2143,2143,107,1257,18601,2336,177,10823,2605,
4,23390,32539,233769,2444,2444,124,1352,23256,2919,185,11903,3012,
5,28063,38441,296773,2722,2722,161,1444,27890,3502,192,13000,3453,
6,32735,44436,365050,3041,3041,200,1548,32521,4085,200,14163,3948,
7,37404,50549,441206,3386,3386,251,1721,37137,4668,211,15594,4537,
8,42072,56274,493893,3583,3583,271,1803,41783,5251,217,16268,4856,
9,46738,62440,578370,3971,3971,331,1947,46387,5833,229,17715,5505,
10,51402,68491,670829,4307,4307,393,2082,50987,6415,238,19274,6184,
11,56065,74212,740034,4500,4500,415,2174,55626,6997,243,19874,6507,
12,60724,79987,801985,4732,4732,435,2246,60263,7579,253,20452,6790,
13,65381,86058,906475,5078,5078,509,2389,64844,8160,263,22006,7486,
14,70035,92225,1020506,5478,5478,571,2523,69434,8741,272,23439,8152,
15,74693,98355,1136543,5855,5855,642,2662,74019,9322,284,24922,8872,
16,79348,104556,1243315,6255,6255,699,2829,78615,9903,294,26269,9536,
17,84002,110671,1366665,6625,6625,765,2971,83201,10484,302,27566,10190,
18,88655,116674,1462639,6951,6951,801,3090,87816,11065,309,28411,10653,
19,93308,123006,1601791,7411,7411,882,3270,92386,11646,321,30118,11525,
20,97962,129133,1725328,7787,7787,945,3412,96975,12227,330,31256,12160,
21,102619,135401,1856425,8218,8218,1013,3582,101562,12808,340,32703,12943,
22,107280,141648,1978606,8639,8639,1064,3746,106170,13390,350,33848,13610,
23,111943,147829,2104942,9032,9032,1124,3898,110771,13972,358,34973,14263,
24,116609,154022,2243663,9425,9425,1200,4059,115359,14554,366,36235,14969,
25,121270,160421,2394124,9914,9914,1287,4239,119931,15136,381,38046,15878,
26,125932,166713,2532523,10339,10339,1350,4439,124528,15718,391,39258,16600,
27,130597,173008,2682066,10775,10775,1429,4617,129112,16300,400,40617,17376,
28,135267,179366,2847727,11237,11237,1519,4800,133690,16883,412,42182,18277,
29,139942,185810,2999532,11736,11736,1588,4989,138294,17467,423,43732,19122,
