Backup ID, Logical chunk num, Unique chunk num, Base chunk num, Delta chunk num, Logical chunk size, Unique chunk size, Base chunk size, Delta chunk size, LZ4_save size, Delta_save size, 
0,47270,45091,44919,172,374824960,355493664,226854274,110285,127168254,1360851
1,93760,63193,55132,8061,741068800,495103669,277255563,999339,157553047,59295720
2,140254,80435,65147,15288,1108418560,629979924,326889086,1984371,188592114,112514353
3,186916,97135,75374,21761,1477611520,759367472,379800421,2823180,217798438,158945433
4,233561,111930,86902,25028,1846190080,875009206,441749881,3186942,247851634,182220749
5,271616,126584,99181,27403,2149201920,988912863,504917380,3460374,280764234,199770875
6,333509,182509,153016,29493,2647705600,1439024217,761066954,4260072,458032509,215664682
7,375631,217536,182409,35127,2997319680,1732574333,889550623,5027353,575024624,262971733
8,419564,249310,206578,42732,3364526080,1998004082,1001874386,6536644,661545058,328047994
9,463497,249332,206589,42743,3731732480,1998126473,1001883370,6539644,661595930,328107529
10,511234,257100,213241,43859,4109803520,2059446492,1033266387,6696461,683487256,335996388
11,550375,262844,217993,44851,4422103040,2104629607,1052706612,6816486,702142539,342963970
12,589502,277512,231159,46353,4734248960,2218783128,1121463536,7056462,736455098,353808032
13,652520,280730,233104,47626,5241784320,2241418287,1129842455,7193945,741857435,362524452
14,717905,300858,245667,55191,5764464640,2400783295,1185317454,8091635,782753156,424621050
15,783325,316129,256537,59592,6287237120,2525462985,1235352521,8542435,820452210,461115819
16,829595,341773,277630,64143,6673735680,2745488039,1322580944,9412223,914419312,499075560
17,875466,350721,285596,65125,7057971200,2823472834,1348836230,9568586,958098176,506969842
18,923854,357394,290814,66580,7442227200,2876277470,1371251322,9688928,978005132,517332088
19,971484,363629,295955,67674,7817871360,2924628193,1392682930,9800874,996930909,525213480
20,1019179,369592,300843,68749,8194682880,2971142827,1413168137,9914373,1015169157,532891160
21,1067026,375496,305799,69697,8573368320,3017413239,1433883479,10017980,1033832563,539679217
22,1112897,375519,305811,69708,8957603840,3017536324,1433896418,10022301,1033878639,539738966
23,1158768,375540,305816,69724,9341839360,3017643824,1433898969,10026886,1033898778,539819191
24,1207545,391103,318213,72890,9731287040,3147129212,1497935304,10398934,1073288058,565506916
25,1256392,394790,320333,74457,10121338880,3173146392,1507389543,10549413,1078700920,576506516
26,1305302,398504,322977,75527,10512404480,3198894091,1518079593,10635905,1086041560,584137033
27,1354172,412295,334963,77332,10903429120,3314601417,1578893421,10872796,1126407256,598427944
28,1402940,415863,337650,78213,11293941760,3340115247,1592169490,10945365,1132382459,604617933
29,1443085,436186,355418,80768,11619184640,3504542465,1679092259,11428768,1189248163,624773275
30,1483217,452933,370595,82338,11944468480,3640857118,1752372004,11666822,1239003036,637815256
31,1523363,455386,372629,82757,12269639680,3659050396,1762874965,11700106,1243520664,640954661
32,1563546,457878,374763,83115,12595281920,3677505788,1773759740,11735319,1248309960,643700769
33,1603775,460343,376848,83495,12921047040,3695746745,1784441366,11772319,1252993515,646539545
34,1648884,470364,386727,83637,13298063360,3789919389,1816939677,11922345,1313287614,647769753
35,1694029,478149,394367,83782,13675489280,3861312313,1844470949,11989782,1355642043,649209539
36,1741440,485699,401836,83863,14072944640,3929958353,1871554780,12011196,1396528945,649863432
37,1788524,505702,420598,85104,14468106240,4101652910,1953321983,12200277,1475897296,660233354
38,1835523,513397,428194,85203,14863370240,4171832822,1980696686,12224094,1517782008,661130034
39,1876216,530689,444446,86243,15191316480,4311487807,2061017944,12452538,1568522919,669494406
40,1913449,545953,457820,88133,15492782080,4436563133,2128090693,12883250,1610722368,684866822
41,1950738,563025,473655,89370,15794718720,4575785202,2207611867,13222711,1659879606,695071018
42,1988065,578196,488194,90002,16096768000,4699732147,2281015658,13375759,1704936684,700404046
43,2025433,582690,492210,90480,16399237120,4732139714,2298691252,13469657,1715643464,704335341
44,2074134,597635,506079,91556,16789903360,4856818378,2369697865,13676622,1760879777,712564114
45,2122847,600194,507815,92379,17180590080,4875734367,2379157674,13715868,1764431859,718428966
46,2171519,603472,509777,93695,17570560000,4899115325,2389093654,13812512,1768856063,727353096
47,2220326,618425,523507,94918,17961431040,5021636387,2456608374,14037284,1815100977,735889752
48,2257694,618450,523520,94930,18263900160,5021781860,2456625210,14040314,1815160099,735956237
49,2307202,622086,526627,95459,18659973120,5049354401,2475074296,14082900,1820508129,739689076
50,2356622,624875,528770,96105,19055656960,5069977693,2486151940,14142093,1825246491,744437169
51,2405612,636347,540101,96246,19468840960,5177786411,2524968849,14199566,1893012262,745605734
52,2447006,637794,541363,96431,19802460160,5189341117,2533846792,14222756,1894249458,747022111
53,2484962,639336,542844,96492,20109813760,5201673249,2544456363,14234807,1895514638,747467441
54,2522969,640807,544258,96549,20417689600,5213578195,2554731452,14249439,1896699119,747898185
55,2561009,642051,545451,96600,20725667840,5223559501,2563186920,14261973,1897814702,748295906
56,2599098,643311,546648,96663,21034076160,5233628060,2571759244,14277617,1898827342,748763857
57,2639876,645916,548937,96979,21364449280,5252952705,2583560173,14305936,1903850468,751236128
58,2680677,648640,551326,97314,21695129600,5273120641,2596170782,14337922,1908782403,753829534
59,2721490,651174,553462,97712,22025707520,5292001087,2607477765,14372432,1913265209,756885681
60,2762338,653720,555647,98073,22356746240,5310963607,2618934527,14404217,1917953685,759671178
61,2803249,656273,557835,98438,22687907840,5329807731,2630406303,14434394,1922539249,762427785
62,2850269,667060,568215,98845,23082076160,5426033199,2666537520,14517824,1979582898,765394957
63,2897423,675589,576663,98926,23477360640,5503728992,2697070543,14543620,2026036280,766078549
64,2946849,684080,585079,99001,23892674560,5580869610,2727501471,14559581,2072123621,766684937
65,2995937,692541,593466,99075,24305715200,5657844301,2757745658,14580992,2118277045,767240606
66,3034026,692567,593478,99089,24614123520,5657992401,2757758834,14586176,2118323482,767323909
67,3083892,695994,596100,99894,25014067200,5683878422,2771176681,14638773,2124974353,773088615
68,3133068,710148,609530,100618,25406832640,5802337491,2840296530,14765018,2168959771,778316172
69,3182530,712856,611695,101161,25803069440,5822555219,2851768309,14803715,2173667647,782315548
70,3220619,712881,611710,101171,26111477760,5822699186,2851793319,14805580,2173739755,782360532
71,3263035,735096,632743,102353,26455859200,6005656824,2970204345,15199779,2229120215,791132485
72,3307336,746419,642271,104148,26815508480,6098796294,3021505970,15605282,2256479143,805205899
73,3350218,752391,647379,105012,27163023360,6147772247,3050435048,15758406,2269297037,812281756
74,3393144,753605,648366,105239,27510743040,6157487549,3057493823,15781069,2270215889,813996768
75,3436144,759571,653359,106212,27858503680,6204746036,3083863630,15932623,2283796365,821153418
76,3479144,762358,655703,106655,28206233600,6225611499,3096120649,15995543,2289027186,824468121
77,3523445,770570,662967,107603,28565800960,6291053095,3131850619,16140152,2311496663,831565661
78,3567732,772866,664529,108337,28925265920,6310049010,3141650236,16204868,2314179557,838014349
79,3612081,781297,672152,109145,29285120000,6376027080,3177236910,16385006,2338425534,843979630
80,3656412,784282,674476,109806,29644994560,6399193338,3189092280,16453795,2343896625,849750638
81,3700674,787566,677004,110562,30004213760,6425556325,3203385630,16521213,2349351264,856298218
82,3740691,798725,687270,111455,30326528000,6515039713,3259265182,16764116,2375752961,863257454
83,3783372,805381,693353,112028,30671964160,6567954497,3290645560,16905904,2392632132,867770901
84,3825950,810353,697945,112408,31016939520,6607659097,3314841940,17025153,2405031881,870760123
85,3868596,815960,702943,113017,31362539520,6650687784,3343675053,17104356,2414833901,875074474
86,3910995,819466,706190,113276,31706787840,6677029366,3360368721,17139156,2422706072,876815417
87,3953403,821838,708192,113646,32051159040,6694505446,3371035848,17175489,2426942241,879351868
88,3997704,821859,708204,113655,32410808320,6694628515,3371053497,17177491,2427003611,879393916
89,4042378,824073,710321,113752,32773447680,6712487789,3386621230,17194982,2428589891,880081686
90,4086956,826102,711992,114110,33135206400,6728833826,3399112876,17235398,2429634476,882851076
91,4131606,827496,713289,114207,33497640960,6740028415,3408441803,17245803,2430751297,883589512
92,4176284,834288,719633,114655,33860229120,6794113241,3439483398,17373271,2450349683,886906889
93,4220932,838026,722911,115115,34222755840,6822115611,3454579711,17438095,2459248001,890849804
94,4265582,838047,722917,115130,34585190400,6822244413,3454583992,17442404,2459271376,890946641
