Backup ID, FPindex, SFindex, Deltaindex
0,3607280,8562112,9376
1,5055440,10505024,509216
2,6434800,12389952,813472
3,7770800,14063808,1059872
4,8954400,15463552,1181152
5,10126720,16918336,1283008
6,14600720,26911872,1380992
7,17402880,31758464,1726560
8,19944800,35199232,2064928
9,19946560,35201152,2065568
10,20568000,36245248,2107232
11,21027520,36916160,2148736
12,22200960,38380480,2207936
13,22458400,38472064,2278176
14,24068640,40270464,2593216
15,25290320,41427904,2747424
16,27341840,43428864,2948352
17,28057680,43687872,2993632
18,28591520,44482496,3052160
19,29090320,45136576,3094656
20,29567360,45734720,3135744
21,30039680,46309888,3172032
22,30041520,46312192,3172608
23,30043200,46312768,3173344
24,31288240,47972416,3285408
25,31583200,48127040,3352800
26,31880320,48226880,3391072
27,32983600,49333760,3457152
28,33269040,49457792,3489632
29,34894880,51150976,3600320
30,36234640,52371456,3656224
31,36430880,52445568,3670496
32,36630240,52541184,3685600
33,36827440,52631616,3701120
34,37629120,53356864,3707360
35,38251920,53533248,3714528
36,38855920,53625920,3717792
37,40456160,54576512,3767232
38,41071760,54791488,3771680
39,42455120,56455424,3814912
40,43676240,57395456,3901984
41,45042000,58526464,3957696
42,46255680,59672192,3985344
43,46615200,59912832,4007072
44,47810800,61353984,4050240
45,48015520,61466304,4079808
46,48277760,61549632,4124640
47,49474000,62584448,4169440
48,49476000,62585792,4170176
49,49766880,62941888,4187904
50,49990000,63074560,4214432
51,50907760,63863040,4221120
52,51023520,63949440,4231392
53,51146880,64075008,4233504
54,51264560,64169088,4235744
55,51364080,64222464,4237632
56,51464880,64270656,4239872
57,51673280,64379520,4253760
58,51891200,64508352,4268448
59,52093920,64584768,4281568
60,52297600,64664640,4293440
61,52501840,64737792,4305536
62,53364800,65012800,4328032
63,54047120,65113152,4331136
64,54726400,65214400,4333824
65,55403280,65287872,4336512
66,55405360,65290176,4337152
67,55679520,65589120,4363680
68,56811840,66793472,4388864
69,57028480,66936000,4409952
70,57030480,66936960,4410368
71,58807680,70910720,4482144
72,59713520,72624320,4571616
73,60191280,73478208,4616288
74,60288400,73541376,4624928
75,60765680,74224512,4660640
76,60988640,74348672,4676928
77,61645600,75343104,4710912
78,61829280,75418368,4747552
79,62503760,76359296,4777376
80,62742560,76458368,4810240
81,63005280,76617920,4845376
82,63898000,78458624,4891008
83,64430480,79309120,4914784
84,64828240,79953024,4930688
85,65276800,80458432,4952800
86,65557280,80628800,4961536
87,65747040,80679872,4974176
88,65748720,80680640,4974560
89,65925840,81048512,4978016
90,66088160,81261824,4998496
91,66199680,81332672,5002944
92,66743040,82130816,5021248
93,67042080,82258112,5043744
94,67043760,82259264,5044480
