Backup ID, Online Delta_save, Offline Delta_save, Offline delta time, Offline dedelta time, Offline delete time, Offline Delta chunk num
0,1360851,0,0,0,0,0
1,59295720,0,0,0,0,0
2,112514353,0,0,0,0,0
3,158945433,0,0,0,0,0
4,182220749,0,0,0,0,0
5,199770875,0,0,0,0,0
6,215664682,0,0,0,0,0
7,262971733,0,0,0,0,0
8,328047994,0,0,0,0,0
9,328107529,0,0,0,0,0
10,335996388,0,0,0,0,0
11,342963970,0,0,0,0,0
12,353808032,0,0,0,0,0
13,362524452,0,0,0,0,0
14,424621050,0,0,0,0,0
15,461115819,0,0,0,0,0
16,499075560,0,0,0,0,0
17,506969842,0,0,0,0,0
18,517332088,0,0,0,0,0
19,525213480,0,0,0,0,0
20,532891160,0,0,0,0,0
21,539679217,0,0,0,0,0
22,539738966,0,0,0,0,0
23,539819191,0,0,0,0,0
24,565506916,0,0,0,0,0
25,576506516,0,0,0,0,0
26,584137033,0,0,0,0,0
27,598427944,0,0,0,0,0
28,604617933,0,0,0,0,0
29,624773275,0,0,0,0,0
30,637815256,0,0,0,0,0
31,640954661,0,0,0,0,0
32,643700769,0,0,0,0,0
33,646539545,0,0,0,0,0
34,647769753,0,0,0,0,0
35,649209539,0,0,0,0,0
36,649863432,0,0,0,0,0
37,660233354,0,0,0,0,0
38,661130034,0,0,0,0,0
39,669494406,0,0,0,0,0
40,684866822,0,0,0,0,0
41,695071018,0,0,0,0,0
42,700404046,0,0,0,0,0
43,704335341,0,0,0,0,0
44,712564114,0,0,0,0,0
45,718428966,0,0,0,0,0
46,727353096,0,0,0,0,0
47,735889752,0,0,0,0,0
48,735956237,0,0,0,0,0
49,739689076,0,0,0,0,0
50,744437169,0,0,0,0,0
51,745605734,0,0,0,0,0
52,747022111,0,0,0,0,0
53,747467441,0,0,0,0,0
54,747898185,0,0,0,0,0
55,748295906,0,0,0,0,0
56,748763857,0,0,0,0,0
57,751236128,0,0,0,0,0
58,753829534,0,0,0,0,0
59,756885681,0,0,0,0,0
60,759671178,0,0,0,0,0
61,762427785,0,0,0,0,0
62,765394957,0,0,0,0,0
63,766078549,0,0,0,0,0
64,766684937,0,0,0,0,0
65,767240606,0,0,0,0,0
66,767323909,0,0,0,0,0
67,773088615,0,0,0,0,0
68,778316172,0,0,0,0,0
69,782315548,0,0,0,0,0
70,782360532,0,0,0,0,0
71,791132485,0,0,0,0,0
72,805205899,0,0,0,0,0
73,812281756,0,0,0,0,0
74,813996768,0,0,0,0,0
75,821153418,0,0,0,0,0
76,824468121,0,0,0,0,0
77,831565661,0,0,0,0,0
78,838014349,0,0,0,0,0
79,843979630,0,0,0,0,0
80,849750638,0,0,0,0,0
81,856298218,0,0,0,0,0
82,863257454,0,0,0,0,0
83,867770901,0,0,0,0,0
84,870760123,0,0,0,0,0
85,875074474,0,0,0,0,0
86,876815417,0,0,0,0,0
87,879351868,0,0,0,0,0
88,879393916,0,0,0,0,0
89,880081686,0,0,0,0,0
90,882851076,0,0,0,0,0
91,883589512,0,0,0,0,0
92,886906889,0,0,0,0,0
93,890849804,0,0,0,0,0
94,890946641,0,0,0,0,0
