BackupID, OnlineSpeed(MB/s), Encalve ProcessTime(s), BackupSize, OnlineSize, OfflineSize, OfflineTime(s)
0, 103.969, 3.43816, 374824960, 226964559, 226964559, 0.000104
1, 201.253, 1.73551, 366243840, 278254902, 278254902, 0.000166
2, 199.743, 1.75391, 367349760, 328873457, 328873457, 0.000274
3, 211.242, 1.66676, 369192960, 382623601, 382623601, 0.001482
4, 226.112, 1.55455, 368578560, 444936823, 444936823, 0.004211
5, 193.825, 1.4909, 303011840, 508377754, 508377754, 0.004223
6, 104.11, 4.56642, 498503680, 765327026, 765327026, 0.001402
7, 113.565, 2.93593, 349614080, 894577976, 894577976, 0.00301
8, 124.696, 2.80838, 367206400, 1008411030, 1008411030, 0.005147
9, 696.773, 0.502596, 367206400, 1008423014, 1008423014, 3.5e-05
10, 316.909, 1.13773, 378071040, 1039962848, 1039962848, 0.001244
11, 319.976, 0.930795, 312299520, 1059523098, 1059523098, 0.001407
12, 195.484, 1.52281, 312145920, 1128519998, 1128519998, 0.005439
13, 487.921, 0.992012, 507535360, 1137036400, 1137036400, 0.001596
14, 226.28, 2.20288, 522680320, 1193409089, 1193409089, 0.002933
15, 262.611, 1.89845, 522772480, 1243894956, 1243894956, 0.004627
16, 152.814, 2.41204, 386498560, 1331993167, 1331993167, 0.010373
17, 299.229, 1.2246, 384235520, 1358404816, 1358404816, 0.005775
18, 327.512, 1.1189, 384256000, 1380940250, 1380940250, 0.001286
19, 341.758, 1.04823, 375644160, 1402483804, 1402483804, 0.001872
20, 347.924, 1.03285, 376811520, 1423082510, 1423082510, 0.001933
21, 354.012, 1.02014, 378685440, 1443901459, 1443901459, 0.002125
22, 691.248, 0.530107, 384235520, 1443918719, 1443918719, 3.7e-05
23, 702.217, 0.521827, 384235520, 1443925855, 1443925855, 3.8e-05
24, 215.571, 1.72289, 389447680, 1508334238, 1508334238, 0.003726
25, 401.366, 0.926791, 390051840, 1517938956, 1517938956, 0.001524
26, 414.698, 0.899328, 391065600, 1528715498, 1528715498, 0.002241
27, 223.136, 1.67122, 391024640, 1589766217, 1589766217, 0.006149
28, 417.379, 0.892288, 390512640, 1603114855, 1603114855, 0.002191
29, 152.912, 2.02846, 325242880, 1690521027, 1690521027, 0.008693
30, 175.552, 1.76709, 325283840, 1764038826, 1764038826, 0.008588
31, 446.866, 0.693961, 325171200, 1774575071, 1774575071, 0.001726
32, 440.477, 0.705047, 325642240, 1785495059, 1785495059, 0.00176
33, 433.598, 0.716502, 325765120, 1796213685, 1796213685, 0.001781
34, 292.402, 1.22965, 377016320, 1828862022, 1828862022, 0.005411
35, 331.055, 1.08725, 377425920, 1856460731, 1856460731, 0.00576
36, 351.67, 1.07784, 397455360, 1883565976, 1883565976, 0.006162
37, 181.252, 2.07918, 395161600, 1965522260, 1965522260, 0.01325
38, 330.535, 1.14043, 395264000, 1992920780, 1992920780, 0.005665
39, 171.859, 1.81983, 327946240, 2073470482, 2073470482, 0.007351
40, 174.556, 1.64704, 301465600, 2140973943, 2140973943, 0.007978
41, 160.529, 1.79375, 301936640, 2220834578, 2220834578, 0.00955
42, 179.092, 1.60843, 302049280, 2294391417, 2294391417, 0.008481
43, 339.88, 0.848703, 302469120, 2312160909, 2312160909, 0.002657
44, 217.33, 1.7143, 390666240, 2383374487, 2383374487, 0.006479
45, 449.982, 0.828007, 390686720, 2392873542, 2392873542, 0.001446
46, 378.893, 0.981555, 389969920, 2402906166, 2402906166, 0.001608
47, 211.789, 1.76007, 390871040, 2470645658, 2470645658, 0.008241
48, 654.977, 0.440408, 302469120, 2470665524, 2470665524, 6.7e-05
49, 426.354, 0.885942, 396072960, 2489157196, 2489157196, 0.001574
50, 446.622, 0.844906, 395683840, 2500294033, 2500294033, 0.001687
51, 274.402, 1.43601, 413184000, 2539168415, 2539168415, 0.006295
52, 517.892, 0.614345, 333619200, 2548069548, 2548069548, 0.000835
53, 487.946, 0.600713, 307353600, 2558691170, 2558691170, 0.000912
54, 503.802, 0.582795, 307875840, 2568980891, 2568980891, 0.000909
55, 516.088, 0.56911, 307978240, 2577448893, 2577448893, 0.000926
56, 522.766, 0.562625, 308408320, 2586036861, 2586036861, 0.000924
57, 422.105, 0.746421, 330373120, 2597866109, 2597866109, 0.001857
58, 428.648, 0.735712, 330680320, 2610508704, 2610508704, 0.001762
59, 432.539, 0.728867, 330577920, 2621850197, 2621850197, 0.001769
60, 426.725, 0.739828, 331038720, 2633338744, 2633338744, 0.001887
61, 396.755, 0.796008, 331161600, 2644840697, 2644840697, 0.00181
62, 270.17, 1.39138, 394168320, 2681055344, 2681055344, 0.007882
63, 314.06, 1.20032, 395284480, 2711614163, 2711614163, 0.006913
64, 323.271, 1.22521, 415313920, 2742061052, 2742061052, 0.007019
65, 321.784, 1.22413, 413040640, 2772326650, 2772326650, 0.007018
66, 647.366, 0.454335, 308408320, 2772345010, 2772345010, 4.3e-05
67, 416.215, 0.916392, 399943680, 2785815454, 2785815454, 0.001354
68, 223.67, 1.67466, 392765440, 2855061548, 2855061548, 0.007294
69, 381.657, 0.990105, 396236800, 2866572024, 2866572024, 0.001747
70, 659.744, 0.445811, 308408320, 2866598899, 2866598899, 7.4e-05
71, 150.565, 2.1813, 344381440, 2985404124, 2985404124, 0.000466
72, 240.257, 1.42759, 359649280, 3037111252, 3037111252, 0.00075
73, 314.742, 1.05298, 347514880, 3066193454, 3066193454, 0.000774
74, 539.998, 0.614097, 347719680, 3073274892, 3073274892, 0.000726
75, 325.606, 1.01856, 347760640, 3099796253, 3099796253, 0.001492
76, 416.951, 0.795348, 347729920, 3112116192, 3112116192, 0.001792
77, 286.25, 1.19794, 359567360, 3147990771, 3147990771, 0.002063
78, 445.164, 0.770082, 359464960, 3157855104, 3157855104, 0.001342
79, 278.748, 1.23116, 359854080, 3193621916, 3193621916, 0.002574
80, 422.42, 0.812469, 359874560, 3205546075, 3205546075, 0.001843
81, 408.819, 0.83797, 359219200, 3219906843, 3219906843, 0.001775
82, 232.142, 1.32412, 322314240, 3276029298, 3276029298, 0.000759
83, 314.477, 1.04756, 345436160, 3307551464, 3307551464, 0.001593
84, 340.556, 0.966049, 344975360, 3331867093, 3331867093, 0.001386
85, 333.068, 0.989558, 345600000, 3360779409, 3360779409, 0.002431
86, 385.456, 0.851721, 344248320, 3377507877, 3377507877, 0.002292
87, 438.985, 0.74813, 344371200, 3388211337, 3388211337, 0.001836
88, 652.028, 0.526033, 359649280, 3388230988, 3388230988, 6.9e-05
89, 469.517, 0.736587, 362639360, 3403816212, 3403816212, 0.000334
90, 499.008, 0.691372, 361758720, 3416348274, 3416348274, 0.000625
91, 525.033, 0.658329, 362434560, 3425687606, 3425687606, 0.000879
92, 307.616, 1.1241, 362588160, 3456856669, 3456856669, 0.002135
93, 378.785, 0.91274, 362526720, 3472017806, 3472017806, 0.002344
94, 643.921, 0.536781, 362434560, 3472026396, 3472026396, 5.3e-05
