Backup ID, Ecall, Inline_Ocall, Offline_Ocall, _Inline_FPOcall, _Inline_SFOcall, _Inline_LocalOcall, _Inline_LoadOcall, _Inline_DeltaOcall, _Inline_RecipeOcall, _Inline_Write_ContainerOcall, _inline_have_similar_chunk_num, _inline_need_load_container_num, _inlineDeltaChunkNum, 
0,372,1113,1,370,370,2,266,59,46,59,515,162,172
1,738,2191,2,694,694,6,344,362,91,73,8497,539,8061
2,1104,3271,3,1016,1016,14,432,657,136,87,15921,1067,15288
3,1471,4343,4,1334,1334,40,522,932,181,102,23906,1725,21761
4,1838,5329,5,1622,1622,111,612,1136,226,119,31412,2427,25028
5,2138,6143,6,1861,1861,192,688,1278,263,136,38481,3098,27403
6,2624,7708,7,2340,2340,228,1020,1457,323,202,42238,3595,29493
7,2956,9174,8,2666,2666,301,1556,1621,364,236,52394,4302,35127
8,3302,10508,9,2992,2992,408,1910,1800,406,266,66255,5229,42732
9,3648,10575,10,2999,2999,409,1915,1805,448,268,66267,5237,42743
10,4023,11127,11,3151,3151,437,1980,1914,494,277,68593,5570,43859
11,4331,11620,12,3283,3283,470,2046,2006,532,283,70844,5903,44851
12,4639,12459,13,3525,3525,570,2134,2135,570,302,77882,6704,46353
13,5134,13028,14,3674,3674,602,2195,2252,631,306,80623,7042,47626
14,5647,14241,15,4017,4017,661,2328,2524,694,322,91379,7832,55191
15,6161,15299,16,4319,4319,749,2431,2724,757,336,100621,8592,59592
16,6525,16425,17,4652,4652,910,2524,2885,802,360,115803,9833,64143
17,6886,17077,18,4833,4833,1013,2590,2962,846,368,123350,10734,65125
18,7267,17647,19,4987,4987,1035,2659,3086,893,375,125885,11046,66580
19,7642,18227,20,5143,5143,1076,2728,3198,939,382,128711,11462,67674
20,8017,18793,21,5295,5295,1117,2796,3305,985,389,131558,11891,68749
21,8393,19343,22,5444,5444,1164,2856,3404,1031,396,134466,12346,69697
22,8754,19412,23,5451,5451,1164,2861,3410,1075,398,134477,12354,69708
23,9115,19478,24,5458,5458,1165,2862,3416,1119,400,134495,12366,69724
24,9499,20269,25,5681,5681,1233,2958,3550,1166,418,141415,12977,72890
25,9883,20998,26,5880,5880,1276,3043,3706,1213,422,144297,13492,74457
26,10268,21693,27,6071,6071,1335,3118,3838,1260,426,147491,14035,75527
27,10652,22473,28,6287,6287,1430,3211,3951,1307,443,155517,14767,77332
28,11035,23167,29,6477,6477,1494,3289,4076,1354,448,158439,15368,78213
29,11351,24208,30,6773,6773,1631,3412,4226,1393,471,169932,16455,80768
30,11667,25114,31,7031,7031,1780,3513,4327,1432,491,180322,17549,82338
31,11983,25547,32,7147,7147,1826,3561,4395,1471,495,182389,17948,82757
32,12299,25986,33,7264,7264,1874,3613,4461,1510,499,184382,18374,83115
33,12616,26417,34,7377,7377,1923,3666,4525,1549,503,186376,18801,83495
34,12971,26820,35,7489,7489,2008,3690,4551,1593,513,192557,19656,83637
35,13326,27222,36,7603,7603,2095,3707,4577,1637,522,199413,20576,83782
36,13699,27619,37,7714,7714,2181,3728,4599,1683,530,206480,21524,83863
37,14069,28650,38,8007,8007,2375,3839,4694,1728,552,221532,23379,85104
38,14439,29062,39,8122,8122,2464,3861,4720,1773,561,228085,24578,85203
39,14759,29967,40,8373,8373,2592,3987,4830,1812,583,236693,25640,86243
40,15052,30871,41,8624,8624,2727,4107,4941,1848,601,247057,26811,88133
41,15346,31871,42,8892,8892,2877,4278,5048,1884,623,258232,28090,89370
42,15640,32759,43,9162,9162,3026,4360,5129,1920,643,267432,29372,90002
43,15934,33487,44,9407,9407,3091,4428,5198,1956,649,270671,30130,90480
44,16317,34260,45,9624,9624,3200,4514,5295,2003,668,278110,31000,91556
45,16700,34907,46,9839,9839,3231,4569,5379,2050,672,280084,31337,92379
46,17083,35610,47,10027,10027,3271,4661,5527,2097,676,282928,31844,93695
47,17467,36630,48,10319,10319,3402,4767,5679,2144,695,292494,32994,94918
48,17761,36927,49,10443,10443,3403,4774,5684,2180,697,292512,33006,94930
49,18150,37395,50,10564,10564,3450,4834,5755,2228,703,294291,33405,95459
50,18539,37867,51,10686,10686,3497,4892,5830,2276,707,296389,33832,96105
51,18924,38329,52,10815,10815,3597,4921,5858,2323,719,303739,35327,96246
52,19250,38647,53,10921,10921,3614,4945,5883,2363,723,304736,35488,96431
53,19549,39222,54,11159,11159,3631,4968,5905,2400,727,305624,35658,96492
54,19848,39742,55,11371,11371,3650,4990,5923,2437,731,306605,35838,96549
55,20148,40051,56,11477,11477,3668,5013,5942,2474,735,307571,36029,96600
56,20448,40235,57,11517,11517,3685,5040,5965,2511,739,308580,36231,96663
57,20769,41011,58,11805,11805,3740,5088,6023,2550,743,310618,36718,96979
58,21090,41723,59,12065,12065,3795,5130,6079,2589,748,312671,37205,97314
59,21411,42162,60,12182,12182,3844,5184,6142,2628,752,314807,37685,97712
60,21733,42596,61,12297,12297,3893,5236,6206,2667,756,316937,38179,98073
61,22055,43030,62,12411,12411,3943,5291,6268,2706,760,319109,38686,98438
62,22425,43716,63,12604,12604,4079,5355,6323,2751,771,328460,40293,98845
63,22796,44172,64,12732,12732,4178,5382,6351,2797,780,336465,41731,98926
64,23185,44621,65,12859,12859,4277,5404,6377,2845,789,344426,43177,99001
65,23571,45432,66,13165,13165,4376,5430,6404,2892,798,352503,44772,99075
66,23871,45555,67,13200,13200,4376,5439,6411,2929,800,352517,44783,99089
67,24263,46050,68,13328,13328,4410,5506,6501,2977,805,354387,45170,99894
68,24650,46832,69,13548,13548,4533,5591,6587,3025,824,362269,46227,100618
69,25039,47506,70,13769,13769,4579,5655,6661,3073,828,364234,46692,101161
70,25339,47623,71,13803,13803,4581,5660,6666,3110,830,364254,46709,101171
71,25673,48265,72,14015,14015,4603,5741,6740,3151,861,365770,46970,102353
72,26022,48981,73,14240,14240,4624,5815,6868,3194,875,368167,47305,104148
73,26360,49570,74,14429,14429,4644,5878,6955,3235,884,369691,47574,105012
74,26698,49976,75,14576,14576,4658,5905,6985,3276,887,370576,47707,105239
75,27036,50508,76,14730,14730,4691,5971,7069,3317,895,372984,48077,106212
76,27374,51120,77,14922,14922,4737,6041,7140,3358,900,375124,48552,106655
77,27723,51815,78,15122,15122,4798,6131,7241,3401,911,378149,49150,107603
78,28071,52329,79,15300,15300,4822,6171,7292,3444,915,380053,49438,108337
79,28420,53076,80,15521,15521,4885,6262,7400,3487,926,383584,50143,109145
80,28769,53717,81,15724,15724,4936,6331,7472,3530,930,386053,50657,109806
81,29117,54239,82,15901,15901,4976,6370,7518,3573,935,388506,51008,110562
82,29432,54877,83,16080,16080,5004,6463,7638,3612,951,390075,51383,111455
83,29768,55447,84,16251,16251,5049,6535,7708,3653,960,392295,51801,112028
84,30103,55995,85,16420,16420,5086,6598,7777,3694,968,393912,52210,112408
85,30439,56639,86,16614,16614,5151,6671,7854,3735,977,396885,52808,113017
86,30773,57195,87,16787,16787,5210,6725,7910,3776,983,399503,53343,113276
87,31107,57726,88,16946,16946,5255,6788,7974,3817,987,401609,53766,113646
88,31456,58035,89,17073,17073,5257,6793,7979,3860,989,401626,53778,113655
89,31808,58483,90,17237,17237,5270,6825,8011,3903,994,401924,53927,113752
90,32159,58786,91,17327,17327,5284,6860,8042,3946,999,402842,54087,114110
91,32510,59065,92,17409,17409,5303,6887,8068,3989,1003,403867,54274,114207
92,32862,59709,93,17585,17585,5369,6981,8157,4032,1012,406502,54925,114655
93,33213,60285,94,17757,17757,5432,7046,8218,4075,1017,409577,55543,115115
94,33564,60495,95,17832,17832,5432,7056,8225,4118,1019,409592,55556,115130
