Backup ID, Logical chunk num, Unique chunk num, Base chunk num, Delta chunk num, Logical chunk size, Unique chunk size, Base chunk size, Delta chunk size, LZ4_save size, Delta_save size, 
0,598895,116850,111922,4928,8588886016,1011643262,611393285,6334656,348993726,44921595
1,1197560,122453,116330,6123,17177772032,1068656652,638635111,8665534,363812777,57543230
2,1796008,129193,121013,8180,25766658048,1140428135,664433938,12525489,384122044,79346664
3,2394289,132218,122959,9259,34355544064,1173572215,674986493,14412672,393175722,90997328
4,2992254,137183,126854,10329,42944430080,1224739981,698175249,16391980,408160833,102011919
5,3590141,141681,130257,11424,51533316096,1271368575,718425272,18355586,420740842,113846875
6,4187832,146604,134025,12579,60122202112,1321553168,740863086,20758745,434266604,125664733
7,4785201,153531,139533,13998,68711088128,1393256484,774056448,23176003,455509780,140514253
8,5382415,156743,142084,14659,77299974144,1426507946,789416424,24396008,465342990,147352524
9,5979346,164425,148351,16074,85888860160,1503145723,827921512,27322474,486419610,161482127
10,6576018,170688,153077,17611,94477746176,1570301913,853363008,30980383,509575388,176383134
11,7172565,173447,155248,18199,103066632192,1599181413,865041968,32159504,519901337,182078604
12,7768591,179273,160510,18763,111655518208,1655302694,899860897,33386756,534860575,187194466
13,8364315,186287,166010,20277,120244404224,1728219472,931111175,37131285,558376707,201600305
14,8959750,192236,170552,21684,128833290240,1791024047,956738274,39562148,578842581,215881044
15,9555592,200085,176961,23124,137422176256,1869703930,996904710,43724615,600034967,229039638
16,10151063,206500,182046,24454,146011062272,1936214316,1026859856,46515002,620647523,242191935
17,10746509,211749,186086,25663,154599948288,1990916616,1050175194,48358677,637576173,254806572
18,11341783,216232,189757,26475,163188834304,2036541023,1072316305,48943126,651539910,263741682
19,11937069,224744,196610,28134,171777720320,2125378546,1111737142,52461758,681034327,280145319
20,12532503,230313,201068,29245,180366606336,2183767775,1138083856,55273302,699232759,291177858
21,13128330,236831,206182,30649,188955492352,2252007329,1169325978,58432410,719166965,305081976
22,13724614,242852,211089,31763,197544378368,2314349175,1199459291,59969240,737750971,317169673
23,14321201,248008,215151,32857,206133264384,2367327048,1223514339,61176582,753651269,328984858
24,14918079,253296,219210,34086,214722150400,2422851705,1247290403,64748486,770249554,340563262
25,15514344,263864,228039,35825,223311036416,2532991177,1297940130,68105654,809755590,357189803
26,16110797,270198,233208,36990,231899922432,2599455402,1327865127,71087970,832428842,368073463
27,16707645,276189,237872,38317,240488808448,2662676451,1355469056,72848197,851840153,382519045
28,17305024,284120,244287,39833,249077694464,2744938978,1393437660,76176754,877619512,397705052
29,17903139,291725,250380,41345,257666580480,2824004350,1430212968,78234910,901745630,413810842
