Backup ID, FPindex, SFindex, Deltaindex
0,9348000,21221824,216288
1,9796240,22068096,278080
2,10335440,22967040,381376
3,10577440,23340480,430144
4,10974640,24087744,479776
5,11334480,24740736,528448
6,11728320,25464064,578848
7,12282480,26520960,642656
8,12539440,27010752,672352
9,13154000,28213952,733312
10,13655040,29121088,800192
11,13875760,29537920,826080
12,14341840,30548224,849984
13,14902960,31603840,917568
14,15378880,32475200,979424
15,16006800,33705152,1042752
16,16520000,34681408,1101824
17,16939920,35451904,1153248
18,17298560,36156416,1190080
19,17979520,37470656,1261536
20,18425040,38326464,1310848
21,18946480,39308352,1371232
22,19428160,40250112,1421120
23,19840640,41029312,1468864
24,20263680,41807808,1523712
25,21109120,43499392,1597696
26,21615840,44491264,1648096
27,22095120,45386176,1705024
28,22729600,46617152,1771200
29,23338000,47786560,1837408
