Backup ID, Online Delta_save, Offline Delta_save, Offline delta time, Offline dedelta time, Offline delete time, Offline Delta chunk num
0,44921595,0,0,0,0,0
1,57543230,0,0,0,0,0
2,79346664,0,0,0,0,0
3,90345657,651671,2831,2807,17,24
4,101360248,651671,2831,2807,17,24
5,112548991,1297884,6267,6199,37,68
6,124174916,1489817,7546,7440,56,106
7,137752659,2761594,11671,11499,90,172
8,144590930,2761594,11671,11499,90,172
9,158720533,2761594,11671,11499,90,172
10,173486236,2896898,15847,15616,129,231
11,179181706,2896898,15847,15616,129,231
12,184297568,2896898,15847,15616,129,231
13,197828230,3772075,22934,22553,182,381
14,209525814,6355230,30528,29952,251,576
15,222147977,6891661,38544,37817,330,727
16,234633644,7558291,46465,45663,373,802
17,245422923,9383649,53225,52312,432,913
18,252946313,10795369,57573,56625,468,948
19,266421601,13723718,67627,66388,564,1239
20,277399248,13778610,72398,71087,609,1311
21,290699379,14382597,80493,79103,681,1390
22,301038135,16131538,88587,87066,757,1521
23,310907646,18077212,97208,95601,838,1607
24,321801958,18761304,106289,104510,931,1779
25,335492778,21697025,118826,116775,1054,2051
26,346075237,21998226,127814,125673,1119,2141
27,357650416,24868629,134542,132230,1216,2312
28,371268469,26436583,144700,142201,1333,2499
29,384808691,29002151,152245,149584,1428,2661
