BackupID, OnlineSpeed(MB/s), Encalve ProcessTime(s), BackupSize, OnlineSize, OfflineSize, OfflineTime(s)
0, 447.604, 18.2997, 8588886016, 617727941, 617727941, 0.001077
1, 778.769, 10.5179, 8588886016, 647300645, 647300645, 0.00107
2, 766.827, 10.6817, 8588886016, 676959427, 676959427, 0.001085
3, 795.44, 10.2974, 8588886016, 689803329, 689399165, 2.21177
4, 707.905, 11.5708, 8588886016, 714567229, 714567229, 0.001157
5, 790.992, 10.3554, 8588886016, 736965999, 736780858, 2.5765
6, 781.897, 10.4758, 8588886016, 761428746, 761621831, 1.16881
7, 756.933, 10.8213, 8588886016, 797830447, 797232451, 3.13872
8, 775.539, 10.5617, 8588886016, 813812432, 813812432, 0.001288
9, 726.229, 11.2788, 8588886016, 855243986, 855243986, 0.001348
10, 765.964, 10.6937, 8588886016, 883929879, 884343391, 3.1146
11, 769.688, 10.642, 8588886016, 897201472, 897201472, 0.001475
12, 759.407, 10.786, 8588886016, 933247653, 933247653, 0.001451
13, 738.546, 11.0907, 8588886016, 967758346, 968242460, 5.43612
14, 732.363, 11.1844, 8588886016, 997189926, 996300422, 6.02296
15, 744.79, 10.9977, 8588886016, 1039757504, 1040629325, 6.52372
16, 761.023, 10.7631, 8588886016, 1073535776, 1073374858, 5.98363
17, 761.99, 10.7495, 8588886016, 1099420633, 1098533871, 5.34012
18, 690.563, 11.8613, 8588886016, 1122304778, 1121259431, 3.27876
19, 723.898, 11.3151, 8588886016, 1164578328, 1164198900, 7.75766
20, 759.395, 10.7862, 8588886016, 1192881347, 1193357158, 3.78318
21, 733.8, 11.1624, 8588886016, 1227711573, 1227758388, 6.16954
22, 690.618, 11.8604, 8588886016, 1260182668, 1259428531, 6.40931
23, 718.401, 11.4017, 8588886016, 1285867416, 1284690921, 6.50469
24, 753.33, 10.8731, 8588886016, 1311134971, 1312038889, 7.11553
25, 667.761, 12.2664, 8588886016, 1366472068, 1366045784, 9.40415
26, 737.495, 11.1065, 8588886016, 1398596527, 1398953097, 6.7062
27, 715.688, 11.4449, 8588886016, 1429630006, 1428317253, 5.3476
28, 683.093, 11.9911, 8588886016, 1469659606, 1469614414, 7.98833
29, 670.096, 12.2236, 8588886016, 1509566110, 1508447878, 6.05014
