Backup ID, Ecall, Inline_Ocall, Offline_Ocall, _Inline_FPOcall, _Inline_SFOcall, _Inline_LocalOcall, _Inline_LoadOcall, _Inline_DeltaOcall, _Inline_RecipeOcall, _Inline_Write_ContainerOcall, _inline_have_similar_chunk_num, _inline_need_load_container_num
0,4681,8640,5,1132,1132,0,1113,4679,584,156,6505,1275,
1,9361,14655,10,1456,1456,0,1218,9357,1168,164,7701,1636,
2,14039,20954,15,1892,1892,0,1385,14033,1752,173,9758,2240,
3,18716,26826,26041,2143,2143,1,1496,18707,2336,177,10837,2648,
4,23390,32805,26046,2444,2444,1,1618,23379,2919,184,11913,3072,
5,28063,38753,54904,2722,2722,2,1756,28049,3502,191,13009,3519,
6,32735,44808,74274,3041,3041,3,1920,32718,4085,198,14164,4033,
7,37404,50942,113842,3386,3386,5,2114,37383,4668,208,15587,4652,
8,42072,56703,113847,3583,3583,5,2232,42049,5251,213,16248,4975,
9,46738,62960,113852,3971,3971,5,2467,46713,5833,224,17664,5622,
10,51402,69111,157703,4307,4307,7,2702,51373,6415,232,19201,6289,
11,56065,74878,157708,4500,4500,7,2840,56034,6997,236,19789,6606,
12,60724,80705,157713,4732,4732,7,2964,60691,7579,246,20353,6903,
13,65381,86898,220981,5078,5078,11,3229,65342,8160,255,21868,7588,
14,70035,93207,294607,5478,5478,17,3505,69988,8741,263,23276,8322,
15,74693,99488,376524,5855,5855,24,3795,74637,9322,275,24720,9110,
16,79348,105793,432585,6255,6255,26,4066,79288,9903,284,26050,9800,
17,84002,112073,495722,6625,6625,30,4373,83936,10484,291,27301,10477,
18,88655,118182,535374,6951,6951,32,4598,88585,11065,298,28117,10986,
19,93308,124729,633058,7411,7411,44,4993,93224,11646,310,29778,11937,
20,97962,131025,680677,7787,7787,47,5304,97873,12227,318,30889,12586,
21,102619,137511,755270,8218,8218,51,5692,102524,12808,327,32293,13403,
22,107280,143947,832611,8639,8639,56,6045,107178,13390,336,33407,14123,
23,111943,150342,916049,9032,9032,61,6411,111834,13972,344,34507,14825,
24,116609,156781,1009547,9425,9425,68,6818,116491,14554,352,35736,15587,
25,121270,163520,1132531,9914,9914,79,7338,121139,15136,366,37504,16585,
26,125932,170012,1205353,10339,10339,84,7738,125794,15718,375,38675,17322,
27,130597,176518,1292057,10775,10775,92,8127,130449,16300,384,40002,18129,
28,135267,183161,1406160,11237,11237,103,8595,135106,16883,395,41522,19080,
29,139942,189854,1492432,11736,11736,111,9033,139771,17467,406,43034,19976,
