Backup ID, Logical chunk num, Unique chunk num, Base chunk num, Delta chunk num, Logical chunk size, Unique chunk size, Base chunk size, Delta chunk size, LZ4_save size, Delta_save size, 
0,24641,24495,24461,34,208250880,207122891,100522795,132661,106250527,216908
1,49838,39626,31436,8190,420976640,343883169,130445276,1751231,137248341,74438321
2,75769,54678,37900,16778,640409600,480951594,157626376,3703145,166447255,153174818
3,102154,69374,45466,23908,864501760,615776387,190517806,5501828,200942001,218814752
4,128934,85204,60321,24883,1092659200,760639837,256660712,5707476,270239907,228031742
5,156457,101934,76558,25376,1326612480,913110906,328726787,5838807,345697211,232848101
6,184290,118788,93210,25578,1563217920,1067086366,403132562,5886672,423269982,234797150
7,212510,136407,110761,25646,1803356160,1227283855,481292954,5902026,504563631,235525244
8,241451,155151,129395,25756,2049822720,1397466120,564426118,5919151,590468572,236652279
9,270745,172102,146319,25783,2300139520,1554665685,640979026,5924547,670775626,236986486
10,300593,189672,163841,25831,2554542080,1715971804,719115179,5931814,753415758,237509053
11,331389,208165,182306,25859,2817464320,1885698253,801477402,5936820,840413009,237871022
12,362473,226816,200894,25922,3082168320,2056620195,884621889,5947653,927533921,238516732
13,394467,248136,222069,26067,3355002880,2249505687,978342903,5971273,1025525346,239666165
14,427730,269719,243552,26167,3639654400,2446105951,1073860360,6001332,1125522498,240721761
15,461573,291289,264986,26303,3929231360,2642868685,1169155339,6050522,1225584434,242078390
16,495907,313484,287124,26360,4223057920,2845343213,1267794355,6073462,1328868656,242606740
17,533891,338250,311776,26474,4533319680,3055374134,1368980174,6107253,1436652967,243633740
18,573226,363914,337178,26736,4869498880,3288730076,1480709284,6186788,1555892382,245941622
19,614460,390057,362601,27456,5222645760,3527677934,1593013812,6375155,1675422010,252866957
20,657190,416136,387915,28221,5588357120,3767058441,1705139218,6646034,1795308896,259964293
21,701984,444128,415188,28940,5970749440,4022803683,1824994926,6923505,1924596782,266288470
22,748244,472329,442858,29471,6365849600,4281805935,1946956835,7058731,2056467003,271323366
23,795533,500237,470254,29983,6770524160,4539452538,2068402155,7168378,2187483518,276398487
24,843831,528928,498785,30143,7183421440,4803542209,2193986824,7207499,2324396788,277951098
25,892453,557325,526944,30381,7597076480,5064122709,2317778502,7257464,2458900782,280185961
26,943081,588339,557676,30663,8028426240,5347599334,2451979745,7315440,2605461229,282842920
27,994732,617593,586473,31120,8468920320,5618093235,2579207118,7418525,2744662355,286805237
28,1047519,648825,617347,31478,8918517760,5905656166,2715363094,7501248,2892717446,290074378
29,1100481,678191,646468,31723,9369497600,6177498332,2844529666,7582498,3032916660,292469508
30,1161683,730293,698287,32006,9891061760,6631310292,3058579321,7740742,3269975224,295015005
31,1224165,764459,730132,34327,10425190400,6949135668,3199080299,8246398,3424662478,317146493
32,1287906,799067,763135,35932,10969159680,7270247371,3344193020,8675705,3584965354,332413292
33,1352398,833924,796676,37248,11518976000,7592912324,3491697853,8978030,3747633686,344602755
34,1418053,869731,832028,37703,12079032320,7925229976,3647090347,9082331,3920273485,348783813
35,1485051,906885,868775,38110,12650547200,8269312100,3808041896,9178054,4099707635,352384515
36,1552883,943650,905339,38311,13229209600,8610980264,3968662139,9219899,4278759883,354338343
37,1620506,980487,942037,38450,13805813760,8953041890,4129724995,9239927,4458342671,355734297
38,1688546,1017268,978619,38649,14386237440,9294603528,4290896470,9277189,4636871734,357558135
39,1757006,1054333,1015591,38742,14970695680,9640069539,4454145789,9287136,4818099345,358537269
40,1810412,1083547,1044765,38782,15425167360,9911406345,4583517278,9301097,4959705652,358882318
41,1864540,1113534,1074680,38854,15886080000,10189212551,4716005637,9321837,5104300135,359584942
42,1919273,1143338,1104412,38926,16352163840,10465661096,4847656208,9345289,5248391880,360267719
43,1974837,1173737,1134775,38962,16824729600,10747386683,4982260398,9350954,5395181635,360593696
44,2031182,1204027,1165036,38991,17304453120,11028976023,5116415103,9356026,5542311938,360892956
45,2088613,1233728,1194659,39069,17793658880,11306693526,5248133364,9396252,5687539949,361623961
46,2147190,1264387,1225104,39283,18292684800,11593204633,5383188940,9465297,5836835479,363714917
47,2206496,1294554,1255075,39479,18798346240,11876362472,5516743256,9520209,5984543999,365555008
48,2266715,1323504,1283865,39639,19312179200,12150398334,5645708202,9557188,6127999852,367133092
49,2335940,1359838,1320137,39701,19902177280,12489094108,5805461296,9571574,6306243245,367817993
50,2419066,1426420,1386633,39787,20615280640,13077690238,6076202443,9618634,6623297499,368571662
51,2503193,1471068,1428960,42108,21337559040,13492750308,6261128201,10093209,6830790652,390738246
52,2593570,1520912,1477277,43635,22117294080,13956496725,6460761623,10509920,7079966793,405258389
53,2687808,1568890,1523696,45194,22935326720,14407514754,6658798802,11041157,7317171901,420502894
54,2782874,1615142,1569243,45899,23760384000,14838437071,6856996332,11187906,7542741761,427511072
55,2878878,1662942,1616433,46509,24594739200,15284296250,7062965481,11322993,7776186768,433821008
56,2975128,1710128,1663271,46857,25430681600,15725714597,7266388358,11397918,8010498302,437430019
57,3070965,1757037,1709751,47286,26264494080,16164609531,7468213948,11513869,8242914257,441967457
58,3166442,1803100,1755656,47444,27094425600,16595252208,7668791240,11553951,8471255319,443651698
59,3262959,1849992,1802334,47658,27933890560,17033027647,7872461195,11596129,8703098204,445872119
60,3332759,1886832,1839104,47728,28529817600,17377600787,8035234636,11614156,8884159456,446592539
61,3430872,1934164,1886195,47969,29384591360,17821510252,8239901456,11716593,9120876902,449015301
62,3504712,1972423,1924362,48061,30015549440,18178220181,8407911062,11738216,9308558985,450011918
63,3579605,2009807,1961569,48238,30656389120,18529206646,8572607929,11778307,9493042844,451777566
64,3655420,2047926,1999612,48314,31304744960,18886528805,8740825327,11793606,9681292054,452617818
65,3732183,2085663,2037209,48454,31962798080,19242462056,8907936179,11825439,9868626979,454073459
66,3809922,2124329,2075766,48563,32629002240,19606090117,9079009803,11843726,10060014223,455222365
67,3888789,2162403,2113762,48641,33305978880,19966345083,9248282227,11857199,10250124165,456081492
68,3968924,2200450,2151709,48741,33992949760,20325995601,9417062716,11881593,10439932727,457118565
69,4050053,2237353,2188455,48898,34688532480,20677381896,9581097289,11910842,10625655484,458718281
70,4149217,2284535,2235516,49019,35551836160,21119663880,9785352286,11945912,10862326926,460038756
71,4265450,2371143,2321468,49675,36571084800,21893659608,10121994222,12959503,11292771963,465933920
72,4386386,2425654,2373663,51991,37635307520,22408755401,10341023363,13790421,11565709974,488231643
73,4508081,2477154,2423872,53282,38705633280,22895215145,10558110870,14138308,11822595921,500370046
74,4632072,2531806,2477839,53967,39797422080,23410168790,10788230312,14344241,12100340976,507253261
75,4732223,2578458,2524309,54149,40669081600,23848856535,10991452622,14387288,12333924848,509091777
76,4832181,2625447,2571151,54296,41540311040,24291221580,11194777082,14423925,12571367137,510653436
77,4936619,2671964,2617534,54430,42453647360,24729783746,11396325604,14474623,12806906456,512077063
78,5043629,2718584,2664012,54572,43391784960,25170334985,11598230542,14518588,13043946191,513639664
79,5152164,2765822,2710984,54838,44339476480,25614745161,11801213981,14627888,13282984958,515918334
80,5261707,2811976,2756972,55004,45297090560,26053001409,12001343459,14685871,13519337373,517634706
81,5372102,2858319,2803142,55177,46262865920,26494109032,12203093580,14732068,13756741155,519542229
82,5484739,2905801,2850332,55469,47246745600,26944336428,12408175882,14797497,13998737711,522625338
83,5615274,2974727,2918917,55810,48257761280,27443678836,12637913567,15018357,14265242745,525504167
84,5746948,3029093,2967174,61919,49277388800,27828197717,12795626385,16544351,14449072707,566954274
85,5878524,3079049,3011683,67366,50296289280,28176859675,12938428838,17570244,14617202019,603658574
86,6010103,3128955,3059482,69473,51315240960,28525163481,13091297044,17976895,14797613122,618276420
87,6141701,3178812,3108409,70403,52334305280,28872958077,13247539946,18163720,14981958867,625295544
88,6273302,3228688,3157529,71159,53353441280,29220978790,13404440437,18318121,15167042596,631177636
89,6404919,3278502,3206666,71836,54372648960,29568467799,13561424230,18452141,15352232967,636358461
90,6536540,3328324,3256128,72196,55391866880,29916062621,13719438999,18531411,15538829247,639262964
91,6668160,3378140,3305489,72651,56411105280,30263561394,13876906572,18633532,15725174918,642846372
92,6804565,3431960,3358969,72991,57475010560,30644138614,14050739431,18710432,15929189156,645499595
93,6940979,3482283,3408881,73402,58538915840,30995265413,14210063750,18803109,16117671632,648726922
94,7077386,3532627,3458928,73699,59602872320,31346808615,14370001266,18863740,16306917875,651025734
95,7213812,3582970,3508965,74005,60666920960,31698289312,14529810732,18923852,16496101139,653453589
96,7350241,3633269,3559001,74268,61731000320,32049460760,14689627505,18974882,16685303926,655554447
97,7486674,3683528,3608993,74535,62795130880,32400320490,14849247071,19032775,16874357737,657682907
98,7623116,3733785,3658960,74825,63859322880,32751090403,15008851363,19092466,17063153507,659993067
99,7759591,3784184,3709132,75052,64923535360,33102591715,15168710650,19151136,17252865425,661864504
100,7896734,3837918,3762574,75344,65993605120,33482551991,15342836002,19201121,17456264129,664250739
101,8033918,3888530,3812934,75596,67063715840,33836062449,15503645735,19259783,17646881239,666275692
102,8171098,3939120,3863213,75907,68133888000,34189542680,15664332982,19326703,17837152760,668730235
103,8308293,3989691,3913551,76140,69204070400,34542631238,15825068320,19384369,18027580051,670598498
104,8445492,4040213,3963827,76386,70274324480,34895496730,15985593140,19444436,18217887333,672571821
105,8582680,4090615,4013998,76617,71344588800,35247383444,16145744755,19490662,18407670322,674477705
106,8719869,4141100,4064208,76892,72414894080,35599950429,16306085367,19545989,18597619814,676699259
107,8857075,4191540,4114447,77093,73485209600,35952016244,16466420531,19589884,18787640643,678365186
108,8994276,4241970,4164651,77319,74555525120,36304049595,16626425005,19640553,18977778440,680205597
109,9133868,4296766,4219211,77555,75646996480,36692624072,16803960382,19698597,19186780658,682184435
110,9273476,4347897,4270123,77774,76738498560,37049737902,16966317102,19741977,19379675554,684003269
111,9413087,4398892,4320905,77987,77830031360,37405820556,17128167964,19794724,19572089497,685768371
112,9552710,4449914,4371721,78193,78921687040,37762308541,17290267173,19833975,19764728014,687479379
113,9692345,4500877,4422492,78385,80013373440,38118104505,17452103422,19871543,19957030419,689099121
114,9831983,4551835,4473254,78581,81105090560,38473884103,17613916269,19914664,20149338780,690714390
115,9971637,4602922,4524162,78760,82196858880,38830540205,17776207710,19946532,20342183057,692202906
116,10111284,4653852,4574904,78948,83288637440,39186071420,17937710445,19984655,20534607418,693768902
117,10254480,4719071,4639862,79209,84415191040,39665633935,18153000214,20301385,20796377119,695955217
118,10397681,4770973,4691508,79465,85541744640,40028724542,18318055519,20356948,20992300471,698011604
119,10540871,4822680,4743034,79646,86668339200,40390617824,18482576038,20392523,21188137442,699511821
120,10684073,4874361,4794480,79881,87794995200,40752012280,18646822969,20442154,21383306998,701440159
121,10827281,4926037,4845926,80111,88921692160,41113288654,18810880588,20491152,21578562081,703354833
122,10970483,4977636,4897316,80320,90048409600,41473895648,18974770398,20536866,21773487819,705100565
123,11113686,5029199,4948652,80547,91175137280,41834152531,19138393712,20579300,21968255666,706923853
124,11256922,5081046,5000281,80765,92301875200,42196440001,19302776998,20635677,22164286370,708740956
125,11401515,5143663,5062736,80927,93438638080,42646913920,19510159799,20666686,22405937094,710150341
126,11546098,5195868,5114738,81130,94575441920,43011697796,19675978014,20705201,22603128154,711886427
127,11690685,5248179,5166849,81330,95712296960,43377614779,19842297457,20744272,22801007860,713565190
128,11835284,5300501,5218963,81538,96849203200,43743443888,20008609016,20782694,22998760569,715291609
129,11979903,5352677,5270964,81713,97986140160,44107982046,20174312716,20812805,23196093594,716762931
130,12124509,5404840,5322940,81900,99123118080,44472661525,20340059648,20849728,23393393219,718358930
131,12269135,5456984,5374881,82103,100260126720,44837198007,20505666547,20887304,23590553907,720090249
132,12413757,5509206,5426900,82306,101397145600,45202159037,20671250884,20934832,23788160968,721812353
133,12560306,5573743,5491228,82515,102548971520,45669972107,20885512056,20987537,24039819365,723653149
134,12706853,5626534,5543807,82727,103700848640,46039405097,21053351987,21021250,24239570197,725461663
135,12853388,5679316,5596361,82955,104852684800,46408795222,21221018265,21058560,24439315460,727402937
136,12999928,5732016,5648846,83170,106004572160,46777402158,21388420990,21099139,24638683298,729198731
137,13146491,5784871,5701515,83356,107156520960,47147233419,21556447284,21132977,24838856198,730796960
138,13293046,5837477,5753918,83559,108308500480,47515049838,21723466655,21168164,25037902597,732512422
139,13439601,5890056,5806303,83753,109460500480,47882533659,21890383381,21204126,25236782061,734164091
140,13586157,5942529,5858601,83928,110612520960,48249044660,22056877834,21237973,25435263058,735665795
141,13732717,5995056,5910932,84124,111764551680,48616124200,22223315593,21277810,25634185170,737345627
142,13880344,6058499,5974203,84296,112924149760,49073860100,22433756880,21307444,25879937762,738858014
143,14027988,6111925,6027479,84446,114083829760,49447891995,22603693931,21332341,26082734442,740131281
144,14175645,6165186,6080550,84636,115243581440,49820445302,22772924727,21367324,26284359384,741793867
145,14323303,6218305,6133483,84822,116403353600,50191733991,22941465147,21405880,26485461282,743401682
146,14470960,6271425,6186412,85013,117563146240,50563113252,23110120220,21444009,26686509451,745039572
147,14618628,6324581,6239401,85180,118722969600,50934898919,23278966410,21478987,26887980246,746473276
148,14766300,6377676,6292319,85357,119882823680,51306102127,23447535088,21515823,27089030358,748020858
149,14913989,6430735,6345186,85549,121042739200,51676783287,23615800714,21555015,27289776627,749650931
150,15061697,6483725,6397995,85730,122202654720,52046653921,23783415029,21588727,27490424403,751225762
151,15215081,6551594,6465483,86111,123417743360,52542126172,24003931867,22150434,27761202805,754841066
152,15368526,6606120,6519729,86391,124632862720,52923284157,24176950830,22197095,27967068506,757067726
153,15521904,6659947,6573351,86596,125848002560,53299309398,24347655170,22233771,28170652105,758768352
154,15675282,6713636,6626826,86810,127063162880,53674073370,24517726728,22272252,28373493943,760580447
155,15828675,6767498,6680464,87034,128278353920,54050239508,24688417570,22315608,28576993440,762512890
156,15982054,6821147,6733881,87266,129493575680,54424765409,24858314695,22361989,28779603655,764485070
157,16135440,6874760,6787256,87504,130708828160,54798978754,25028027989,22408011,28982061672,766481082
158,16288844,6928446,6840716,87730,131924111360,55173626794,25197716396,22456814,29185034488,768419096
159,16447881,6997829,6909699,88130,133193082880,55683897240,25421865120,22785707,29467059024,772187389
160,16606926,7052409,6964040,88369,134462105600,56065143765,25594527026,22837962,29673557698,774221079
161,16765974,7106802,7018229,88573,135731159040,56444802879,25766543650,22874120,29879432170,775952939
162,16925032,7161385,7072580,88805,137000273920,56826044878,25939176525,22918823,30086023492,777926038
163,17084103,7215812,7126798,89014,138269419520,57205869603,26111173257,22954169,30291997048,779745129
164,17243196,7270287,7181042,89245,139538606080,57586041595,26283253144,22999462,30498101868,781687121
165,17402274,7324836,7235373,89463,140807864320,57967173406,26455945264,23039602,30704635202,783553338
166,17561357,7379256,7289585,89671,142077163520,58347083586,26628068554,23082341,30910581110,785351581
167,17720447,7433609,7343681,89928,143346462720,58726475359,26799615579,23140719,31116236305,787482756
168,17886817,7504752,7414356,90396,144686612480,59254482293,27028002761,23410026,31411759215,791310291
169,18053209,7560224,7469548,90676,146026874880,59642371034,27203081333,23474956,31622085041,793729704
170,18219602,7615541,7524538,91003,147367178240,60028979932,27377596915,23549265,31831363008,796470744
171,18386010,7670761,7579473,91288,148707522560,60414563771,27551604832,23616945,32040404524,798937470
172,18552417,7725971,7634403,91568,150047897600,60800172108,27725707991,23681428,32249435027,801347662
173,18718807,7781013,7689120,91893,151388272640,61184458625,27898966842,23764415,32457616454,804110914
174,18885225,7836302,7744138,92164,152728668160,61570577496,28073280049,23826566,32667014499,806456382
175,19051640,7891501,7799023,92478,154069084160,61956043340,28246947777,23892556,32876109634,809093373
176,19220179,7958927,7866086,92841,155427061760,62443904441,28467861270,24019695,33139634083,812389393
177,19388737,8014877,7921768,93109,156785070080,62834909536,28644330740,24085991,33351754639,814738166
178,19557303,8070715,7977357,93358,158143150080,63225012328,28820369899,24142800,33563589332,816910297
179,19725862,8126473,8032854,93619,159501301760,63614575920,28996129072,24202246,33775086659,819157943
180,19894446,8182287,8088437,93850,160859504640,64004795765,29172236525,24258781,33987097248,821203211
181,20063015,8238008,8143940,94068,162217748480,64394128344,29347914869,24311468,34198772712,823129295
182,20231579,8293687,8199376,94311,163576023040,64783161592,29523515344,24366599,34410048170,825231479
183,20400159,8349256,8254721,94535,164934318080,65171073852,29698580206,24420047,34620865250,827208349
184,20568769,8405097,8310345,94752,166292643840,65560730580,29874315310,24468140,34832803642,829143488
185,20738884,8474319,8379312,95007,167663482880,66060826530,30099613867,24550004,35105214677,831447982
186,20909007,8530654,8435357,95297,169034342400,66453771629,30276465847,24629296,35318861237,833815249
187,21079149,8586848,8491168,95680,170405335040,66846099255,30453171750,24727086,35531377542,836822877
188,21249296,8643194,8547207,95987,171776348160,67239456128,30630527777,24810817,35744849389,839268145
189,21419516,8699712,8603476,96236,173147402240,67633595012,30808367634,24870766,35959017012,841339600
190,21589668,8755882,8659354,96528,174518487040,68025605366,30985069201,24943633,36171907277,843685255
191,21759830,8812170,8715367,96803,175889612800,68418780233,31162306910,25022112,36385559371,845891840
192,21930000,8868495,8771377,97118,177260769280,68811767293,31339459318,25091027,36598841012,848375936
193,22100177,8924695,8827284,97411,178631946240,69203938386,31516072204,25174968,36812021819,850669395
194,22271074,8992244,8894515,97729,180008775680,69690705773,31737668777,25248578,37074654220,853134198
195,22441790,9048642,8950646,97996,181384151040,70084352759,31915032930,25313609,37288614607,855391613
196,22612511,9105227,9006939,98288,182759546880,70479646678,32093198855,25379728,37503255221,857812874
197,22783370,9163082,9064572,98510,184135034880,70884113696,32275281027,25449964,37723608221,859774484
198,22954098,9219404,9120619,98785,185510543360,71277231023,32452332423,25513504,37937312120,862072976
199,23124824,9275749,9176725,99024,186886082560,71670617640,32629748580,25570369,38151226595,864072096
200,23295551,9332065,9232790,99275,188261662720,72063721272,32806888046,25635461,38364993565,866204200
201,23466280,9388353,9288792,99561,189637253120,72456450053,32983566580,25699822,38578600494,868583157
202,23639562,9457474,9357555,99919,191035084800,72958078126,33208196609,25874171,38852263627,871743719
203,23812842,9514409,9414217,100192,192432936960,73355640238,33387225509,25948971,39068382233,874083525
204,23986132,9571470,9470976,100494,193830850560,73754512241,33566726620,26026114,39285104492,876655015
205,24159416,9628351,9527590,100761,195228815360,74151741452,33745526471,26093267,39501141757,878979957
206,24332721,9685313,9584301,101012,196626831360,74549606383,33924726946,26153830,39717546969,881178638
207,24506020,9742188,9640918,101270,198024888320,74946933668,34103585438,26212816,39933685001,883450413
208,24679332,9799081,9697629,101452,199422986240,75344383951,34282722650,26257295,40150352603,885051403
209,24852683,9856049,9754313,101736,200821135360,75742099691,34461525312,26318836,40366835002,887420541
