Backup ID, FPindex, SFindex, Deltaindex
0,1959600,4687040,1728
1,3170080,6024896,522144
2,4374240,7180288,919520
3,5549920,8286656,1224480
4,6816320,9563776,1265888
5,8154720,10967872,1288480
6,9503040,12286720,1297280
7,10912560,13730432,1300512
8,12412080,15229056,1305760
9,13768160,16350848,1306720
10,15173760,17559360,1308512
11,16653200,18953472,1309408
12,18145280,20399616,1312800
13,19850880,22267968,1321504
14,21577520,24270336,1326912
15,23303120,26084928,1333696
16,25078720,28314560,1337152
17,27060000,31122112,1343520
18,29113120,33607296,1358528
19,31204560,35941376,1400320
20,33290880,38090048,1441696
21,35530240,40467072,1479456
22,37786320,42694336,1508352
23,40018960,44669248,1535840
24,42314240,46736064,1543424
25,44586000,48724608,1555936
26,47067120,51175808,1571040
27,49407440,53134720,1597024
28,51906000,55226880,1616544
29,54255280,57062912,1628416
30,58423440,64811072,1644352
31,61156720,67157056,1791328
32,63925360,69401920,1880192
33,66713920,71445824,1949184
34,69578480,73609728,1969888
35,72550800,75964928,1989408
36,75492000,78163392,1999072
37,78438960,80356864,2005120
38,81381440,82282688,2014880
39,84346640,84421952,2018912
40,86683760,86017408,2020768
41,89082720,87701440,2024576
42,91467040,89265600,2027936
43,93898960,90865664,2029568
44,96322160,92421568,2030624
45,98698240,93737536,2035072
46,101150960,95114560,2045056
47,103564320,96252928,2054304
48,105880320,97076416,2061120
49,108787040,99004352,2063424
50,114113600,108031232,2067808
51,117685440,110819712,2214528
52,121672960,114454592,2289408
53,125511200,117351360,2368736
54,129211360,120124608,2396832
55,133035360,122807808,2423072
56,136810240,125433344,2439136
57,140562960,128172480,2458624
58,144248000,130651904,2464704
59,147999360,133284736,2473856
60,150946560,134956864,2476576
61,154733120,137607552,2486144
62,157793840,139474048,2489792
63,160784560,141111872,2497888
64,163834080,142723520,2500352
65,166853040,144123584,2505280
66,169946320,145660736,2509440
67,172992240,146925056,2511968
68,176036000,148170816,2515552
69,178988240,149106432,2521952
70,182762800,151815680,2526144
71,189691440,163804736,2560832
72,194052320,167211520,2703872
73,198172320,169867520,2769696
74,202544480,172858304,2798720
75,206276640,174955136,2805184
76,210035760,177636480,2810592
77,213757120,179753792,2815968
78,217486720,181696128,2820800
79,221265760,183658368,2831808
80,224958080,185273664,2837696
81,228665520,186817344,2844160
82,232464080,188391104,2854080
83,237978160,199674240,2873408
84,242327440,203035648,3259840
85,246323920,204337408,3539008
86,250316400,205403008,3619744
87,254304960,206281792,3652928
88,258295040,207066496,3678688
89,262280160,207850496,3702912
90,266265920,208526080,3715680
91,270251200,209094336,3730912
92,274556800,211043456,3743744
93,278582640,211733760,3759456
94,282610160,212346624,3769184
95,286637600,212959680,3779648
96,290661520,213678784,3788480
97,294682240,214174912,3797216
98,298702800,214630400,3806720
99,302734720,215205440,3814720
100,307033440,216949568,3824448
101,311082400,217708480,3833024
102,315129600,218264320,3844608
103,319175280,218773056,3852320
104,323217040,219296128,3860384
105,327249200,219685120,3867808
106,331288000,220220032,3876864
107,335323200,220572864,3883392
108,339357600,220926912,3890752
109,343741280,222667008,3899008
110,347831760,223255488,3906464
111,351911360,223715520,3913504
112,355993120,224121984,3920448
113,360070160,224528064,3926784
114,364146800,224965760,3933152
115,368233760,225880832,3939104
116,372308160,226233536,3945856
117,377525680,229092224,3955488
118,381677840,229725440,3965216
119,385814400,230206912,3971200
120,389948880,230620288,3978944
121,394082960,231085632,3986464
122,398210880,231491520,3993216
123,402335920,231851712,4000576
124,406483680,232286912,4007840
125,411493040,234620672,4013216
126,415669440,235199360,4020256
127,419854320,235606208,4026752
128,424040080,236066560,4033760
129,428214160,236509056,4039424
130,432387200,236872512,4045536
131,436558720,237201600,4052192
132,440736480,237604352,4058784
133,445899440,240054272,4066016
134,450122720,240592192,4074464
135,454345280,241047232,4082496
136,458561280,241427008,4089472
137,462789680,241799744,4095584
138,466998160,242129408,4102208
139,471204480,242500352,4108512
140,475402320,242820608,4114208
141,479604480,243156224,4120512
142,484679920,245438784,4126368
143,488954000,246034880,4131296
144,493214880,246487232,4137632
145,497464400,246873856,4143680
146,501714000,247238656,4149856
147,505966480,247621504,4155328
148,510214080,247982656,4160992
149,514458800,248360192,4167488
150,518698000,248923456,4173472
151,524127520,251844544,4191008
152,528489600,252577664,4203264
153,532795760,253142976,4210528
154,537090880,253497792,4217696
155,541399840,253925184,4224992
156,545691760,254256192,4232576
157,549980800,254608320,4240288
158,554275680,255007232,4248064
159,559826320,258131776,4265696
160,564192720,258686016,4274944
161,568544160,259119360,4281664
162,572910800,259624448,4289184
163,577264960,260048256,4296128
164,581622960,260388672,4303744
165,585986880,260692864,4310720
166,590340480,261043264,4317632
167,594688720,261426624,4326400
168,600380160,264678208,4346016
169,604817920,265314112,4357024
170,609243280,265790272,4368608
171,613660880,266211264,4378080
172,618077680,266582336,4387104
173,622481040,266911040,4398080
174,626904160,267307264,4406752
175,631320080,267754560,4417536
176,636714160,270175232,4433184
177,641190160,270725824,4442624
178,645657200,271243264,4450784
179,650117840,271649536,4459200
180,654582960,272075264,4466720
181,659040640,272453632,4473792
182,663494960,272765056,4481760
183,667940480,273073728,4489056
184,672407760,273574272,4496160
185,677945520,276492352,4505216
186,682452320,277085888,4516480
187,686947840,277496768,4531040
188,691455520,277944896,4541184
189,695976960,278528704,4549696
190,700470560,278878336,4559168
191,704973600,279195712,4568320
192,709479600,279578304,4579008
193,713975600,279964288,4589216
194,719379520,282582784,4600768
195,723891360,283134016,4610048
196,728418160,283613568,4620064
197,733046560,284479104,4628032
198,737552320,284811840,4636960
199,742059920,285150144,4644672
200,746565200,285502144,4652704
201,751068240,285885376,4662176
202,756597920,288466752,4676896
203,761152720,289114816,4687072
204,765717600,289596352,4697856
205,770268080,290023168,4706656
206,774825040,290387392,4714912
207,779375040,290701632,4723168
208,783926480,291166272,4729088
209,788483920,291535424,4738624
