Backup ID, Online Delta_save, Offline Delta_save, Offline delta time, Offline dedelta time, Offline delete time, Offline Delta chunk num
0,216908,0,0,0,0,0
1,74438321,0,0,0,0,0
2,153174818,0,0,0,0,0
3,218814752,0,0,0,0,0
4,228031742,0,0,0,0,0
5,232848101,0,0,0,0,0
6,234797150,0,0,0,0,0
7,235525244,0,0,0,0,0
8,236652279,0,0,0,0,0
9,236986486,0,0,0,0,0
10,237509053,0,0,0,0,0
11,237871022,0,0,0,0,0
12,238516732,0,0,0,0,0
13,239666165,0,0,0,0,0
14,240721761,0,0,0,0,0
15,242078390,0,0,0,0,0
16,242606740,0,0,0,0,0
17,243633740,0,0,0,0,0
18,245941622,0,0,0,0,0
19,252866957,0,0,0,0,0
20,259964293,0,0,0,0,0
21,266288470,0,0,0,0,0
22,271323366,0,0,0,0,0
23,276398487,0,0,0,0,0
24,277951098,0,0,0,0,0
25,280185961,0,0,0,0,0
26,282842920,0,0,0,0,0
27,286805237,0,0,0,0,0
28,290074378,0,0,0,0,0
29,292469508,0,0,0,0,0
30,295015005,0,0,0,0,0
31,317146493,0,0,0,0,0
32,332413292,0,0,0,0,0
33,344602755,0,0,0,0,0
34,348783813,0,0,0,0,0
35,352384515,0,0,0,0,0
36,354338343,0,0,0,0,0
37,355734297,0,0,0,0,0
38,357558135,0,0,0,0,0
39,358537269,0,0,0,0,0
40,358882318,0,0,0,0,0
41,359584942,0,0,0,0,0
42,360267719,0,0,0,0,0
43,360593696,0,0,0,0,0
44,360892956,0,0,0,0,0
45,361623961,0,0,0,0,0
46,363714917,0,0,0,0,0
47,365555008,0,0,0,0,0
48,367133092,0,0,0,0,0
49,367817993,0,0,0,0,0
50,368571662,0,0,0,0,0
51,390738246,0,0,0,0,0
52,405258389,0,0,0,0,0
53,420502894,0,0,0,0,0
54,427511072,0,0,0,0,0
55,433821008,0,0,0,0,0
56,437430019,0,0,0,0,0
57,441967457,0,0,0,0,0
58,443651698,0,0,0,0,0
59,445872119,0,0,0,0,0
60,446592539,0,0,0,0,0
61,449015301,0,0,0,0,0
62,450011918,0,0,0,0,0
63,451777566,0,0,0,0,0
64,452617818,0,0,0,0,0
65,454073459,0,0,0,0,0
66,455222365,0,0,0,0,0
67,456081492,0,0,0,0,0
68,457118565,0,0,0,0,0
69,458718281,0,0,0,0,0
70,460038756,0,0,0,0,0
71,465933920,0,0,0,0,0
72,488231643,0,0,0,0,0
73,500370046,0,0,0,0,0
74,507253261,0,0,0,0,0
75,509091777,0,0,0,0,0
76,510653436,0,0,0,0,0
77,512077063,0,0,0,0,0
78,513639664,0,0,0,0,0
79,515918334,0,0,0,0,0
80,517634706,0,0,0,0,0
81,519542229,0,0,0,0,0
82,522625338,0,0,0,0,0
83,525504167,0,0,0,0,0
84,566954274,0,0,0,0,0
85,603658574,0,0,0,0,0
86,618276420,0,0,0,0,0
87,625295544,0,0,0,0,0
88,631177636,0,0,0,0,0
89,636358461,0,0,0,0,0
90,639262964,0,0,0,0,0
91,642846372,0,0,0,0,0
92,645499595,0,0,0,0,0
93,648726922,0,0,0,0,0
94,651025734,0,0,0,0,0
95,653453589,0,0,0,0,0
96,655554447,0,0,0,0,0
97,657682907,0,0,0,0,0
98,659993067,0,0,0,0,0
99,661864504,0,0,0,0,0
100,664250739,0,0,0,0,0
101,666275692,0,0,0,0,0
102,668730235,0,0,0,0,0
103,670598498,0,0,0,0,0
104,672571821,0,0,0,0,0
105,674477705,0,0,0,0,0
106,676699259,0,0,0,0,0
107,678365186,0,0,0,0,0
108,680205597,0,0,0,0,0
109,682184435,0,0,0,0,0
110,684003269,0,0,0,0,0
111,685768371,0,0,0,0,0
112,687479379,0,0,0,0,0
113,689099121,0,0,0,0,0
114,690714390,0,0,0,0,0
115,692202906,0,0,0,0,0
116,693768902,0,0,0,0,0
117,695955217,0,0,0,0,0
118,698011604,0,0,0,0,0
119,699511821,0,0,0,0,0
120,701440159,0,0,0,0,0
121,703354833,0,0,0,0,0
122,705100565,0,0,0,0,0
123,706923853,0,0,0,0,0
124,708740956,0,0,0,0,0
125,710150341,0,0,0,0,0
126,711886427,0,0,0,0,0
127,713565190,0,0,0,0,0
128,715291609,0,0,0,0,0
129,716762931,0,0,0,0,0
130,718358930,0,0,0,0,0
131,720090249,0,0,0,0,0
132,721812353,0,0,0,0,0
133,723653149,0,0,0,0,0
134,725461663,0,0,0,0,0
135,727402937,0,0,0,0,0
136,729198731,0,0,0,0,0
137,730796960,0,0,0,0,0
138,732512422,0,0,0,0,0
139,734164091,0,0,0,0,0
140,735665795,0,0,0,0,0
141,737345627,0,0,0,0,0
142,738858014,0,0,0,0,0
143,740131281,0,0,0,0,0
144,741793867,0,0,0,0,0
145,743401682,0,0,0,0,0
146,745039572,0,0,0,0,0
147,746473276,0,0,0,0,0
148,748020858,0,0,0,0,0
149,749650931,0,0,0,0,0
150,751225762,0,0,0,0,0
151,754841066,0,0,0,0,0
152,757067726,0,0,0,0,0
153,758768352,0,0,0,0,0
154,760580447,0,0,0,0,0
155,762512890,0,0,0,0,0
156,764485070,0,0,0,0,0
157,766481082,0,0,0,0,0
158,768419096,0,0,0,0,0
159,772187389,0,0,0,0,0
160,774221079,0,0,0,0,0
161,775952939,0,0,0,0,0
162,777926038,0,0,0,0,0
163,779745129,0,0,0,0,0
164,781687121,0,0,0,0,0
165,783553338,0,0,0,0,0
166,785351581,0,0,0,0,0
167,787482756,0,0,0,0,0
168,791310291,0,0,0,0,0
169,793729704,0,0,0,0,0
170,796470744,0,0,0,0,0
171,798937470,0,0,0,0,0
172,801347662,0,0,0,0,0
173,804110914,0,0,0,0,0
174,806456382,0,0,0,0,0
175,809093373,0,0,0,0,0
176,812389393,0,0,0,0,0
177,814738166,0,0,0,0,0
178,816910297,0,0,0,0,0
179,819157943,0,0,0,0,0
180,821203211,0,0,0,0,0
181,823129295,0,0,0,0,0
182,825231479,0,0,0,0,0
183,827208349,0,0,0,0,0
184,829143488,0,0,0,0,0
185,831447982,0,0,0,0,0
186,833815249,0,0,0,0,0
187,836822877,0,0,0,0,0
188,839268145,0,0,0,0,0
189,841339600,0,0,0,0,0
190,843685255,0,0,0,0,0
191,845891840,0,0,0,0,0
192,848375936,0,0,0,0,0
193,850669395,0,0,0,0,0
194,853134198,0,0,0,0,0
195,855391613,0,0,0,0,0
196,857812874,0,0,0,0,0
197,859774484,0,0,0,0,0
198,862072976,0,0,0,0,0
199,864072096,0,0,0,0,0
200,866204200,0,0,0,0,0
201,868583157,0,0,0,0,0
202,871743719,0,0,0,0,0
203,874083525,0,0,0,0,0
204,876655015,0,0,0,0,0
205,878979957,0,0,0,0,0
206,881178638,0,0,0,0,0
207,883450413,0,0,0,0,0
208,885051403,0,0,0,0,0
209,887420541,0,0,0,0,0
