BackupID, OnlineSpeed(MB/s), Encalve ProcessTime(s), BackupSize, OnlineSize, OfflineSize, OfflineTime(s)
0, 97.4854, 2.03726, 208250880, 100655456, 100655456, 5.7e-05
1, 142.47, 1.42396, 212725760, 132196507, 132196507, 3.6e-05
2, 142.195, 1.47169, 219432960, 161329521, 161329521, 0.000481
3, 144.804, 1.47586, 224092160, 196019634, 196019634, 0.0019
4, 134.742, 1.61485, 228157440, 262368188, 262368188, 0.00782
5, 133.103, 1.67626, 233953280, 334565594, 334565594, 0.007823
6, 133.618, 1.68872, 236605440, 409019234, 409019234, 0.008373
7, 137.016, 1.67143, 240138240, 487194980, 487194980, 0.008551
8, 127.749, 1.83992, 246466560, 570345269, 570345269, 0.009257
9, 137.894, 1.73119, 250316800, 646903573, 646903573, 0.009349
10, 134.882, 1.79873, 254402560, 725046993, 725046993, 0.009265
11, 136.832, 1.83249, 262922240, 807414222, 807414222, 0.009353
12, 136.72, 1.84642, 264704000, 890569542, 890569542, 0.009032
13, 127.721, 2.03721, 272834560, 984314176, 984314176, 0.009367
14, 128.816, 2.10739, 284651520, 1079861692, 1079861692, 0.009072
15, 130.217, 2.12079, 289576960, 1175205861, 1175205861, 0.009647
16, 131.985, 2.12308, 293826560, 1273867817, 1273867817, 0.00869
17, 130.551, 2.26646, 310261760, 1375087427, 1375087427, 0.00833
18, 121.116, 2.64711, 336179200, 1486896072, 1486896072, 0.01005
19, 132.951, 2.53316, 353146880, 1599388967, 1599388967, 0.010672
20, 133.77, 2.60724, 365711360, 1711785252, 1711785252, 0.011441
21, 130.294, 2.79889, 382392320, 1831918431, 1831918431, 0.012037
22, 131.236, 2.87114, 395100160, 1954015566, 1954015566, 0.012754
23, 134.001, 2.88004, 404674560, 2075570533, 2075570533, 0.013904
24, 136.299, 2.889, 412897280, 2201194323, 2201194323, 0.014055
25, 134.08, 2.94221, 413655040, 2325035966, 2325035966, 0.014331
26, 131.162, 3.13632, 431349760, 2459295185, 2459295185, 0.014319
27, 137.365, 3.05818, 440494080, 2586625643, 2586625643, 0.014756
28, 133.68, 3.20742, 449597440, 2722864342, 2722864342, 0.015698
29, 139.626, 3.08029, 450979840, 2852112164, 2852112164, 0.015312
30, 104.193, 4.77385, 521564160, 3066320063, 3066320063, 0.009758
31, 137.493, 3.7048, 534128640, 3207326697, 3207326697, 0.015537
32, 134.2, 3.86565, 543969280, 3352868725, 3352868725, 0.017662
33, 142.657, 3.67557, 549816320, 3500675883, 3500675883, 0.019419
34, 139.629, 3.82521, 560056320, 3656172678, 3656172678, 0.020361
35, 139.494, 3.90726, 571514880, 3817219950, 3817219950, 0.02059
36, 143.164, 3.85472, 578662400, 3977882038, 3977882038, 0.021243
37, 141.406, 3.88875, 576604160, 4138964922, 4138964922, 0.020817
38, 142.794, 3.87647, 580423680, 4300173659, 4300173659, 0.021929
39, 141.42, 3.94134, 584458240, 4463432925, 4463432925, 0.021503
40, 140.491, 3.08503, 454471680, 4592818375, 4592818375, 0.018194
41, 138.04, 3.18429, 460912640, 4725327474, 4725327474, 0.01801
42, 142.048, 3.12918, 466083840, 4857001497, 4857001497, 0.018461
43, 140.83, 3.20012, 472565760, 4991611352, 4991611352, 0.018711
44, 140.921, 3.2465, 479723520, 5125771129, 5125771129, 0.018557
45, 146.653, 3.18127, 489205760, 5257529616, 5257529616, 0.01935
46, 141.875, 3.35441, 499025920, 5392654237, 5392654237, 0.019566
47, 147.605, 3.26707, 505661440, 5526263465, 5526263465, 0.0203
48, 150.75, 3.25061, 513832960, 5655265390, 5655265390, 0.020609
49, 143.918, 3.90962, 589998080, 5815032870, 5815032870, 0.021727
50, 111.023, 6.12549, 713103360, 6085821077, 6085821077, 0.017421
51, 137.565, 5.00721, 722278400, 6271221410, 6271221410, 0.022743
52, 141.827, 5.24311, 779735040, 6471271543, 6471271543, 0.024261
53, 151.089, 5.16342, 818032640, 6669839959, 6669839959, 0.025557
54, 157.477, 4.99652, 825057280, 6868184238, 6868184238, 0.026101
55, 152.239, 5.22667, 834355200, 7074288474, 7074288474, 0.028596
56, 156.543, 5.09264, 835942400, 7277786276, 7277786276, 0.027313
57, 153.552, 5.17861, 833812480, 7479727817, 7479727817, 0.02702
58, 157.215, 5.03441, 829931520, 7680345191, 7680345191, 0.027821
59, 156.103, 5.12851, 839464960, 7884057324, 7884057324, 0.027919
60, 141.208, 4.0247, 595927040, 8046848792, 8046848792, 0.023532
61, 148.571, 5.48678, 854773760, 8251618049, 8251618049, 0.02738
62, 146.093, 4.11882, 630958080, 8419649278, 8419649278, 0.02341
63, 149.766, 4.08073, 640839680, 8584386236, 8584386236, 0.023736
64, 147.409, 4.19458, 648355840, 8752618933, 8752618933, 0.024576
65, 148.595, 4.22336, 658053120, 8919761618, 8919761618, 0.025382
66, 149.683, 4.24458, 666204160, 9090853529, 9090853529, 0.026764
67, 152.535, 4.23257, 676976640, 9260139426, 9260139426, 0.026029
68, 153.131, 4.27835, 686970880, 9428944309, 9428944309, 0.027708
69, 158.967, 4.17294, 695582720, 9593008131, 9593008131, 0.026503
70, 158.981, 5.17867, 863303680, 9797298198, 9797298198, 0.027145
71, 121.772, 7.9824, 1019248640, 10134953725, 10134953725, 0.020824
72, 164.448, 6.17168, 1064222720, 10354813784, 10354813784, 0.028639
73, 173.119, 5.89619, 1070325760, 10572249178, 10572249178, 0.030913
74, 167.167, 6.22857, 1091788800, 10802574553, 10802574553, 0.03238
75, 159.954, 5.197, 871659520, 11005839910, 11005839910, 0.029923
76, 159.543, 5.20779, 871229440, 11209201007, 11209201007, 0.028315
77, 166.004, 5.24702, 913336320, 11410800227, 11410800227, 0.030069
78, 169.438, 5.28027, 938137600, 11612749130, 11612749130, 0.03089
79, 167.909, 5.38263, 947691520, 11815841869, 11815841869, 0.03098
80, 169.682, 5.38215, 957614080, 12016029330, 12016029330, 0.030972
81, 169.79, 5.42455, 965775360, 12217825648, 12217825648, 0.03335
82, 169.004, 5.55193, 983879680, 12422973379, 12422973379, 0.032373
83, 144.098, 6.69115, 1011015680, 12652931924, 12652931924, 0.009063
84, 172.405, 5.64017, 1019627520, 12812170736, 12812170736, 0.026795
85, 189.917, 5.11645, 1018900480, 12955999082, 12955999082, 0.033239
86, 191.345, 5.07851, 1018951680, 13109273939, 13109273939, 0.037709
87, 193.88, 5.01265, 1019064320, 13265703666, 13265703666, 0.041151
88, 195.516, 4.97107, 1019136000, 13422758558, 13422758558, 0.042348
89, 197.724, 4.9159, 1019207680, 13579876371, 13579876371, 0.041456
90, 198.632, 4.89347, 1019217920, 13737970410, 13737970410, 0.042942
91, 195.088, 4.98248, 1019238400, 13895540104, 13895540104, 0.044069
92, 192.025, 5.28379, 1063905280, 14069449863, 14069449863, 0.040167
93, 201.384, 5.03824, 1063905280, 14228866859, 14228866859, 0.043197
94, 200.251, 5.06697, 1063956480, 14388865006, 14388865006, 0.043606
95, 200.725, 5.05546, 1064048640, 14548734584, 14548734584, 0.044173
96, 202.488, 5.01158, 1064079360, 14708602387, 14708602387, 0.042599
97, 202.059, 5.02245, 1064130560, 14868279846, 14868279846, 0.044448
98, 202.594, 5.0095, 1064192000, 15027943829, 15027943829, 0.044431
99, 204.583, 4.96087, 1064212480, 15187861786, 15187861786, 0.04334
100, 193.919, 5.2625, 1070069760, 15362037123, 15362037123, 0.042116
101, 201.761, 5.05815, 1070110720, 15522905518, 15522905518, 0.043889
102, 201.77, 5.05822, 1070172160, 15683659685, 15683659685, 0.044148
103, 200.992, 5.07785, 1070182400, 15844452689, 15844452689, 0.044632
104, 201.123, 5.07488, 1070254080, 16005037576, 16005037576, 0.044551
105, 201.278, 5.071, 1070264320, 16165235417, 16165235417, 0.045512
106, 200.551, 5.08959, 1070305280, 16325631356, 16325631356, 0.045272
107, 203.918, 5.0056, 1070315520, 16486010415, 16486010415, 0.044903
108, 201.437, 5.06725, 1070315520, 16646065558, 16646065558, 0.045467
109, 191.485, 5.43599, 1091471360, 16823658979, 16823658979, 0.042656
110, 201.246, 5.17246, 1091502080, 16986059079, 16986059079, 0.047961
111, 201.219, 5.17329, 1091532800, 17147962688, 17147962688, 0.04522
112, 202.026, 5.15321, 1091655680, 17310101148, 17310101148, 0.045665
113, 204.612, 5.08823, 1091686400, 17471974965, 17471974965, 0.045543
114, 203.441, 5.11767, 1091717120, 17633830933, 17633830933, 0.046373
115, 203.904, 5.10629, 1091768320, 17796154242, 17796154242, 0.042758
116, 202.693, 5.13683, 1091778560, 17957695100, 17957695100, 0.045593
117, 175.945, 6.10627, 1126553600, 18173301599, 18173301599, 0.046821
118, 204.572, 5.25177, 1126553600, 18338412467, 18338412467, 0.044983
119, 205.019, 5.2405, 1126594560, 18502968561, 18502968561, 0.045624
120, 203.447, 5.2813, 1126656000, 18667265123, 18667265123, 0.044766
121, 203.521, 5.27955, 1126696960, 18831371740, 18831371740, 0.045167
122, 207.1, 5.18842, 1126717440, 18995307264, 18995307264, 0.045322
123, 206.124, 5.21303, 1126727680, 19158973012, 19158973012, 0.045897
124, 206.152, 5.21238, 1126737920, 19323412675, 19323412675, 0.043568
125, 182.841, 5.92921, 1136762880, 19530826485, 19530826485, 0.045497
126, 203.268, 5.33355, 1136803840, 19696683215, 19696683215, 0.045074
127, 204.164, 5.31038, 1136855040, 19863041729, 19863041729, 0.045997
128, 204.998, 5.28902, 1136906240, 20029391710, 20029391710, 0.045774
129, 206.366, 5.2541, 1136936960, 20195125521, 20195125521, 0.045652
130, 205.199, 5.28418, 1136977920, 20360909376, 20360909376, 0.046018
131, 207.623, 5.22262, 1137008640, 20526553851, 20526553851, 0.045028
132, 205.033, 5.28864, 1137018880, 20692185716, 20692185716, 0.048127
133, 178.707, 6.14676, 1151825920, 20906499593, 20906499593, 0.046102
134, 203.471, 5.39887, 1151877120, 21074373237, 21074373237, 0.044648
135, 203.575, 5.39592, 1151836160, 21242076825, 21242076825, 0.045551
136, 204.487, 5.37211, 1151887360, 21409520129, 21409520129, 0.0466
137, 203.629, 5.39503, 1151948800, 21577580261, 21577580261, 0.046355
138, 204.822, 5.36374, 1151979520, 21744634819, 21744634819, 0.046084
139, 208.546, 5.26806, 1152000000, 21911587507, 21911587507, 0.045467
140, 206.465, 5.32124, 1152020480, 22078115807, 22078115807, 0.046295
141, 179.964, 6.1049, 1152030720, 22244593403, 22244593403, 0.046689
142, 183.211, 6.03609, 1159598080, 22455064324, 22455064324, 0.047103
143, 205.006, 5.39476, 1159680000, 22625026272, 22625026272, 0.045825
144, 203.148, 5.44444, 1159751680, 22794292051, 22794292051, 0.046877
145, 205.902, 5.3717, 1159772160, 22962871027, 22962871027, 0.046569
146, 208.038, 5.31664, 1159792640, 23131564229, 23131564229, 0.046634
147, 205.707, 5.37703, 1159823360, 23300445397, 23300445397, 0.046008
148, 208.448, 5.30646, 1159854080, 23469050911, 23469050911, 0.047172
149, 205.473, 5.38359, 1159915520, 23637355729, 23637355729, 0.046876
150, 204.894, 5.3988, 1159915520, 23805003756, 23805003756, 0.045514
151, 179.837, 6.44361, 1215088640, 24026082301, 24026082301, 0.048736
152, 210.809, 5.49706, 1215119360, 24199147925, 24199147925, 0.045773
153, 209.782, 5.52405, 1215139840, 24369888941, 24369888941, 0.046685
154, 210.209, 5.51294, 1215160320, 24539998980, 24539998980, 0.047919
155, 210.485, 5.50584, 1215191040, 24710733178, 24710733178, 0.046185
156, 210.806, 5.4976, 1215221760, 24880676684, 24880676684, 0.047484
157, 211.536, 5.47876, 1215252480, 25050436000, 25050436000, 0.0474
158, 213.796, 5.42097, 1215283200, 25220173210, 25220173210, 0.047606
159, 181.958, 6.65092, 1268971520, 25444650827, 25444650827, 0.047453
160, 216.742, 5.58376, 1269022720, 25617364988, 25617364988, 0.04706
161, 218.179, 5.5471, 1269053440, 25789417770, 25789417770, 0.047109
162, 216.973, 5.57822, 1269114880, 25962095348, 25962095348, 0.04697
163, 216.831, 5.58202, 1269145600, 26134127426, 26134127426, 0.046469
164, 214.567, 5.64108, 1269186560, 26306252606, 26306252606, 0.047786
165, 215.398, 5.61963, 1269258240, 26478984866, 26478984866, 0.048717
166, 212.897, 5.68585, 1269299200, 26651150895, 26651150895, 0.048162
167, 215.612, 5.61424, 1269299200, 26822756298, 26822756298, 0.0476
168, 183.749, 6.95552, 1340149760, 27051412787, 27051412787, 0.048713
169, 219.219, 5.83059, 1340262400, 27226556289, 27226556289, 0.047998
170, 219.519, 5.82279, 1340303360, 27401146180, 27401146180, 0.046784
171, 218.821, 5.84153, 1340344320, 27575221777, 27575221777, 0.047922
172, 221.891, 5.76085, 1340375040, 27749389419, 27749389419, 0.048333
173, 220.79, 5.78957, 1340375040, 27922731257, 27922731257, 0.048969
174, 220.516, 5.79686, 1340395520, 28097106615, 28097106615, 0.047703
175, 219.635, 5.8202, 1340416000, 28270840333, 28270840333, 0.048588
176, 194.634, 6.65385, 1357977600, 28491880965, 28491880965, 0.049208
177, 220.372, 5.87687, 1358008320, 28668416731, 28668416731, 0.048152
178, 221.497, 5.84734, 1358080000, 28844512699, 28844512699, 0.047251
179, 220.09, 5.88502, 1358151680, 29020331318, 29020331318, 0.049124
180, 220.325, 5.87898, 1358202880, 29196495306, 29196495306, 0.048889
181, 221.912, 5.8371, 1358243840, 29372226337, 29372226337, 0.048367
182, 220.211, 5.88233, 1358274560, 29547881943, 29547881943, 0.048023
183, 220.839, 5.86569, 1358295040, 29723000253, 29723000253, 0.049755
184, 221.907, 5.83759, 1358325760, 29898783450, 29898783450, 0.049055
185, 193.201, 6.76669, 1370839040, 30124163871, 30124163871, 0.048842
186, 220.785, 5.92137, 1370859520, 30301095143, 30301095143, 0.048318
187, 220.399, 5.93233, 1370992640, 30477898836, 30477898836, 0.048497
188, 204.911, 6.38081, 1371013120, 30655338594, 30655338594, 0.048843
189, 212.01, 6.16735, 1371054080, 30833238400, 30833238400, 0.048621
190, 221.174, 5.91193, 1371084800, 31010012834, 31010012834, 0.049225
191, 218.848, 5.97496, 1371125760, 31187329022, 31187329022, 0.048591
192, 217.464, 6.01311, 1371156480, 31364550345, 31364550345, 0.050078
193, 220.811, 5.92206, 1371176960, 31541247172, 31541247172, 0.050042
194, 197.48, 6.64901, 1376829440, 31762917355, 31762917355, 0.047863
195, 225.022, 5.82902, 1375375360, 31940346539, 31940346539, 0.048827
196, 219.81, 5.96732, 1375395840, 32118578583, 32118578583, 0.049114
197, 217.833, 6.02189, 1375488000, 32300730991, 32300730991, 0.048481
198, 220.878, 5.93897, 1375508480, 32477845927, 32477845927, 0.050032
199, 220.226, 5.95669, 1375539200, 32655318949, 32655318949, 0.050886
200, 219.433, 5.97838, 1375580160, 32832523507, 32832523507, 0.049588
201, 219.216, 5.98435, 1375590400, 33009266402, 33009266402, 0.049815
202, 196.456, 6.78562, 1397831680, 33234070780, 33234070780, 0.050191
203, 220.898, 6.0349, 1397852160, 33413174480, 33413174480, 0.047303
204, 220.007, 6.05959, 1397913600, 33592752734, 33592752734, 0.049451
205, 221.418, 6.02119, 1397964800, 33771619738, 33771619738, 0.050159
206, 220.842, 6.03712, 1398016000, 33950880776, 33950880776, 0.050502
207, 220.948, 6.03441, 1398056960, 34129798254, 34129798254, 0.048778
208, 219.152, 6.08403, 1398097920, 34308979945, 34308979945, 0.050437
209, 221.397, 6.02258, 1398149120, 34487844148, 34487844148, 0.049448
