Backup ID, Ecall, Inline_Ocall, Offline_Ocall, _Inline_FPOcall, _Inline_SFOcall, _Inline_LocalOcall, _Inline_LoadOcall, _Inline_DeltaOcall, _Inline_RecipeOcall, _Inline_Write_ContainerOcall, _inline_have_similar_chunk_num, _inline_need_load_container_num, _inlineDeltaChunkNum, 
0,195,462,1,193,193,0,34,18,24,27,64,33,34
1,394,1108,2,390,390,0,65,215,48,36,8227,276,8190
2,599,1778,3,593,593,7,101,411,73,45,17259,727,16778
3,808,2465,4,800,800,45,142,580,98,55,26191,1375,23908
4,1020,3157,5,1010,1010,220,178,615,124,73,35360,2239,24883
5,1238,3865,6,1226,1226,412,213,638,150,93,44773,3293,25376
6,1458,4568,7,1444,1444,619,235,649,177,113,54756,4568,25578
7,1681,5265,8,1665,1665,834,242,655,204,134,64855,6038,25646
8,1910,5984,9,1892,1892,1054,252,662,232,157,75792,7707,25756
9,2141,6701,10,2121,2121,1279,254,666,260,178,86899,9511,25783
10,2377,7437,11,2355,2355,1507,259,672,289,199,98166,11555,25831
11,2620,8189,12,2596,2596,1742,260,676,319,221,109395,13791,25859
12,2865,8952,13,2839,2839,1979,264,682,349,244,120511,16156,25922
13,3117,9734,14,3089,3089,2224,266,686,380,269,132096,18731,26067
14,3379,10553,15,3349,3349,2477,273,693,412,295,143239,21389,26167
15,3646,11392,16,3614,3614,2735,284,700,445,321,155346,24231,26303
16,3917,12238,17,3883,3883,2996,291,707,478,348,165910,26993,26360
17,4216,13194,18,4180,4180,3280,324,715,515,375,176038,29855,26474
18,4526,14235,19,4488,4488,3559,409,738,553,405,188765,33098,26736
19,4851,15268,20,4811,4811,3850,433,770,593,435,202731,36489,27456
20,5187,16343,21,5145,5145,4149,465,805,634,465,217614,40068,28221
21,5539,17470,22,5495,5495,4465,500,838,677,497,233209,43870,28940
22,5903,18623,23,5857,5857,4806,523,858,722,530,249783,47991,29471
23,6275,19811,24,6227,6227,5156,555,878,768,562,267397,52350,29983
24,6655,21009,25,6605,6605,5523,573,888,815,595,285320,56882,30143
25,7037,22215,26,6985,6985,5889,594,900,862,628,303353,61571,30381
26,7435,23466,27,7381,7381,6264,615,914,911,664,321598,66511,30663
27,7841,24747,28,7785,7785,6651,634,931,961,698,340641,71600,31120
28,8256,26049,29,8198,8198,7050,646,945,1012,734,360975,77109,31478
29,8672,27357,30,8612,8612,7453,661,956,1063,768,380778,82701,31723
30,9153,28910,31,9091,9091,7892,723,991,1122,824,392512,87970,32006
31,9644,30543,32,9580,9580,8303,833,1064,1183,861,414456,92116,34327
32,10144,32164,33,10078,10078,8753,900,1110,1245,899,437370,96551,35932
33,10650,33789,34,10582,10582,9221,951,1146,1307,938,461580,101481,37248
34,11165,35411,35,11095,11095,9718,971,1161,1371,979,486112,106771,37703
35,11691,37072,36,11619,11619,10226,997,1175,1436,1021,510997,112416,38110
36,12223,38747,37,12149,12149,10744,1016,1187,1502,1063,536306,118378,38311
37,12754,40417,38,12678,12678,11265,1033,1195,1568,1105,561717,124765,38450
38,13288,42097,39,13210,13210,11788,1051,1204,1634,1147,588466,131423,38649
39,13825,43778,40,13745,13745,12318,1061,1209,1700,1190,614388,138391,38742
40,14245,45091,41,14163,14163,12732,1068,1213,1752,1224,635291,144824,38782
41,14670,46415,42,14586,14586,13150,1071,1218,1804,1259,656507,151693,38854
42,15100,47754,43,15014,15014,13573,1073,1223,1857,1294,678164,158803,38926
43,15537,49122,44,15449,15449,14004,1082,1227,1911,1330,700229,166147,38962
44,15980,50502,45,15890,15890,14440,1084,1232,1966,1366,722415,173568,38991
45,16431,51906,46,16339,16339,14883,1085,1238,2022,1401,745262,181122,39069
46,16891,53346,47,16797,16797,15331,1094,1248,2079,1437,768749,188718,39283
47,17357,54809,48,17261,17261,15787,1108,1256,2136,1472,792987,196071,39479
48,17830,56299,49,17732,17732,16249,1127,1265,2194,1506,817648,203014,39639
49,18373,58002,50,18273,18273,16784,1140,1271,2261,1548,843939,210520,39701
50,19025,60156,51,18923,18923,17378,1297,1293,2342,1619,863548,218367,39787
51,19685,62290,52,19581,19581,17952,1377,1375,2424,1668,893670,225005,42108
52,20394,64814,53,20288,20288,18556,1727,1443,2512,1720,924713,232112,43635
53,21133,67155,54,21025,21025,19186,1785,1530,2604,1772,957595,239739,45194
54,21878,69472,55,21768,21768,19838,1817,1585,2696,1824,989402,247660,45899
55,22631,71814,56,22518,22518,20500,1849,1640,2789,1878,1023219,256135,46509
56,23385,74128,57,23259,23259,21175,1870,1683,2882,1931,1056727,264915,46857
57,24136,76401,58,23981,23981,21840,1893,1731,2975,1984,1089369,273746,47286
58,24884,78659,59,24697,24697,22509,1913,1775,3068,2037,1122517,283005,47444
59,25641,80947,60,25423,25423,23186,1933,1820,3162,2090,1155694,292555,47658
60,26189,82667,61,25969,25969,23726,1947,1826,3230,2133,1183825,301316,47728
61,26958,84993,62,26706,26706,24411,1970,1875,3325,2187,1217344,311269,47969
62,27537,86804,63,27282,27282,24969,1981,1893,3397,2231,1245882,320656,48061
63,28125,88650,64,27867,27867,25532,1999,1915,3470,2274,1274737,330404,48238
64,28720,90500,65,28459,28459,26106,2000,1932,3544,2318,1304459,340429,48314
65,29322,92389,66,29058,29058,26681,2018,1956,3618,2362,1334904,350718,48454
66,29932,94298,67,29665,29665,27266,2031,1978,3693,2407,1365553,361233,48563
67,30551,96232,68,30281,30281,27861,2040,1999,3770,2451,1397042,371886,48641
68,31180,98207,69,30907,30907,28463,2059,2023,3848,2495,1428599,382236,48741
69,31816,100201,70,31540,31540,29072,2075,2047,3927,2538,1460629,391945,48898
70,32593,102538,71,32281,32281,29766,2097,2090,4023,2591,1493693,402371,49019
71,33504,105566,72,33160,33160,30523,2393,2194,4136,2679,1517877,412760,49675
72,34451,108501,73,34073,34073,31262,2509,2330,4254,2736,1554637,420766,51991
73,35404,111401,74,34991,34991,32017,2594,2436,4372,2793,1592302,429111,53282
74,36375,114328,75,35925,35925,32799,2654,2532,4493,2853,1631374,438114,53967
75,37160,116681,76,36671,36671,33501,2676,2572,4590,2906,1667104,449770,54149
76,37943,119041,77,37416,37416,34201,2704,2617,4687,2959,1700121,460983,54296
77,38761,121480,78,38194,38194,34912,2729,2663,4788,3012,1735610,472406,54430
78,39600,123991,79,38994,38994,35629,2763,2719,4892,3065,1772112,484093,54572
79,40450,126535,80,39802,39802,36359,2802,2773,4997,3118,1809131,496079,54838
80,41308,129077,81,40608,40608,37094,2833,2831,5103,3170,1846872,508180,55004
81,42173,131633,82,41412,41412,37835,2873,2891,5210,3223,1885175,520313,55177
82,43055,134242,83,42235,42235,38591,2908,2954,5319,3277,1924460,532396,55469
83,44077,137386,84,43195,43195,39410,3086,3054,5446,3338,1934591,539356,55810
84,45108,140710,85,44161,44161,40139,3393,3282,5574,3380,1971447,544376,61919
85,46138,143912,86,45122,45122,40909,3591,3466,5702,3419,2014622,549528,67366
86,47168,147050,87,46083,46083,41741,3724,3589,5830,3460,2058978,555388,69473
87,48199,150153,88,47046,47046,42600,3815,3688,5958,3502,2104254,561784,70403
88,49230,153247,89,48006,48006,43463,3903,3783,6086,3544,2150042,568750,71159
89,50261,156324,90,48964,48964,44332,3981,3869,6214,3586,2195767,575904,71836
90,51292,159387,91,49922,49922,45211,4043,3947,6342,3629,2242070,583470,72196
91,52323,162446,92,50878,50878,46087,4106,4027,6470,3671,2288926,591421,72651
92,53391,165605,93,51875,51875,46977,4165,4110,6603,3718,2332591,599989,72991
93,54459,168780,94,52871,52871,47862,4241,4199,6736,3761,2379318,608509,73402
94,55527,171944,95,53869,53869,48753,4300,4284,6869,3804,2426469,617552,73699
95,56595,175105,96,54862,54862,49642,4369,4368,7002,3847,2473619,626950,74005
96,57663,178257,97,55853,55853,50536,4432,4448,7135,3890,2520172,636833,74268
97,58731,181394,98,56839,56839,51429,4490,4529,7268,3933,2567847,646861,74535
98,59799,184531,99,57826,57826,52323,4545,4610,7401,3976,2615731,657169,74825
99,60868,187658,100,58809,58809,53223,4597,4686,7534,4019,2663135,667658,75052
100,61942,190794,101,59794,59794,54123,4648,4768,7667,4066,2707785,678327,75344
101,63016,193927,102,60775,60775,55023,4706,4848,7800,4109,2754440,689279,75596
102,64090,197055,103,61756,61756,55924,4759,4927,7933,4152,2802135,700401,75907
103,65164,200176,104,62736,62736,56827,4807,5004,8066,4195,2850056,712038,76140
104,66238,203304,105,63716,63716,57729,4862,5082,8199,4238,2897853,723948,76386
105,67312,206421,106,64696,64696,58633,4906,5158,8332,4281,2946228,735843,76617
106,68386,209548,107,65676,65676,59533,4960,5238,8465,4324,2993924,747953,76892
107,69460,212657,108,66656,66656,60442,4996,5309,8598,4367,3042525,760385,77093
108,70534,215782,109,67636,67636,61347,5048,5384,8731,4410,3091111,772963,77319
109,71627,218962,110,68637,68637,62262,5097,5462,8867,4458,3136842,785487,77555
110,72720,222142,111,69638,69638,63181,5144,5538,9003,4502,3184908,797919,77774
111,73813,225317,112,70638,70638,64100,5190,5612,9139,4546,3233507,810864,77987
112,74906,228491,113,71637,71637,65019,5237,5686,9275,4590,3282412,824050,78193
113,75999,231664,114,72636,72636,65937,5283,5761,9411,4634,3331260,837623,78385
114,77092,234832,115,73635,73635,66856,5324,5835,9547,4678,3379938,851473,78581
115,78186,238021,116,74636,74636,67774,5381,5911,9683,4722,3426258,866109,78760
116,79279,241189,117,75635,75635,68693,5423,5984,9819,4766,3475351,879978,78948
117,80400,244495,118,76661,76661,69626,5517,6072,9958,4823,3525684,895598,79209
118,81521,247752,119,77687,77687,70550,5573,6158,10097,4867,3574288,909697,79465
119,82642,251006,120,78714,78714,71482,5622,6238,10236,4911,3623487,924217,79646
120,83763,254262,121,79740,79740,72409,5675,6323,10375,4955,3673015,938917,79881
121,84884,257504,122,80760,80760,73334,5730,6406,10514,4999,3722266,953679,80111
122,86005,260754,123,81782,81782,74261,5787,6489,10653,5043,3771750,968709,80320
123,87126,263998,124,82804,82804,75190,5838,6570,10792,5087,3821437,983971,80547
124,88248,267256,125,83826,83826,76116,5903,6654,10931,5131,3871017,999477,80765
125,89380,270523,126,84860,84860,77060,5939,6732,11072,5186,3921471,1016101,80927
126,90512,273794,127,85892,85892,77997,5985,6815,11213,5231,3970661,1031309,81130
127,91644,277069,128,86924,86924,78936,6035,6896,11354,5276,4020853,1046938,81330
128,92776,280340,129,87953,87953,79874,6088,6977,11495,5321,4070776,1063120,81538
129,93908,283608,130,88981,88981,80817,6141,7052,11636,5366,4120646,1079450,81713
130,95040,286868,131,90007,90007,81756,6189,7132,11777,5411,4170916,1095684,81900
131,96172,290122,132,91028,91028,82694,6240,7214,11918,5456,4221345,1112375,82103
132,97304,293375,133,92049,92049,83632,6290,7296,12059,5501,4271468,1129097,82306
133,98451,296683,134,93087,93087,84584,6345,7378,12202,5558,4323188,1146882,82515
134,99598,299989,135,94125,94125,85534,6397,7463,12345,5603,4373177,1163624,82727
135,100745,303283,136,95161,95161,86483,6442,7548,12488,5648,4423589,1180376,82955
136,101892,306585,137,96197,96197,87431,6495,7634,12631,5693,4474311,1197513,83170
137,103040,309887,138,97236,97236,88384,6540,7717,12774,5738,4525224,1215115,83356
138,104187,313180,139,98272,98272,89333,6585,7801,12917,5783,4576113,1232243,83559
139,105334,316473,140,99309,99309,90285,6627,7883,13060,5828,4626759,1249770,83753
140,106481,319763,141,100345,100345,91239,6669,7962,13203,5873,4677563,1267611,83928
141,107628,323060,142,101382,101382,92189,6715,8046,13346,5918,4728342,1285427,84124
142,108784,326379,143,102429,102429,93152,6753,8126,13490,5974,4779892,1304057,84296
143,109940,329710,144,103477,103477,94118,6803,8201,13634,6020,4830212,1321758,84446
144,111096,333034,145,104523,104523,95079,6849,8282,13778,6066,4881117,1339746,84636
145,112252,336360,146,105569,105569,96039,6897,8364,13922,6111,4932222,1358160,84822
146,113408,339685,147,106615,106615,96999,6944,8446,14066,6156,4983442,1376382,85013
147,114564,343013,148,107660,107660,97963,6997,8523,14210,6201,5034604,1394926,85180
148,115720,346321,149,108704,108704,98925,7032,8602,14354,6246,5085818,1413731,85357
149,116876,349642,150,109750,109750,99885,7073,8686,14498,6291,5136910,1432571,85549
150,118032,352959,151,110792,110792,100846,7121,8766,14642,6336,5186965,1451457,85730
151,119233,356516,152,111883,111883,101826,7259,8874,14791,6395,5239618,1471221,86111
152,120434,359963,153,112973,112973,102798,7311,8968,14940,6441,5290325,1489783,86391
153,121635,363420,154,114063,114063,103776,7373,9056,15089,6487,5341206,1508995,86596
154,122836,366870,155,115153,115153,104750,7426,9150,15238,6533,5393045,1528333,86810
155,124037,370316,156,116243,116243,105723,7476,9244,15387,6579,5444680,1547603,87034
156,125238,373760,157,117330,117330,106695,7530,9339,15536,6625,5496605,1567236,87266
157,126439,377202,158,118416,118416,107667,7586,9432,15685,6671,5548384,1586937,87504
158,127640,380645,159,119504,119504,108642,7637,9524,15834,6717,5599992,1606799,87730
159,128885,384239,160,120636,120636,109652,7705,9621,15989,6777,5653085,1627766,88130
160,130130,387792,161,121763,121763,110641,7766,9715,16144,6823,5704777,1647242,88369
161,131375,391356,162,122894,122894,111634,7826,9809,16299,6869,5756913,1667264,88573
162,132620,394922,163,124025,124025,112624,7886,9908,16454,6915,5808865,1687603,88805
163,133865,398485,164,125153,125153,113618,7951,10001,16609,6961,5861084,1707750,89014
164,135110,402052,165,126283,126283,114609,8012,10101,16764,7007,5913786,1728401,89245
165,136355,405607,166,127409,127409,115600,8071,10199,16919,7053,5966750,1749239,89463
166,137600,409168,167,128535,128535,116591,8135,10298,17074,7099,6019344,1769760,89671
167,138845,412713,168,129657,129657,117582,8193,10395,17229,7145,6071700,1790905,89928
168,140147,416903,169,130838,130838,118595,8726,10515,17391,7206,6126129,1812528,90396
169,141449,420595,170,132011,132011,119595,8800,10625,17553,7253,6178289,1833144,90676
170,142751,424284,171,133179,133179,120593,8876,10742,17715,7300,6231126,1854270,91003
171,144054,427980,172,134347,134347,121592,8959,10858,17877,7347,6284154,1875593,91288
172,145357,431667,173,135515,135515,122593,9033,10972,18039,7394,6337431,1897282,91568
173,146659,435359,174,136681,136681,123590,9116,11090,18201,7441,6390761,1918996,91893
174,147962,439038,175,137847,137847,124593,9187,11201,18363,7488,6443986,1940595,92164
175,149265,442729,176,139013,139013,125594,9268,11316,18525,7535,6496854,1962486,92478
176,150584,446466,177,140193,140193,126612,9349,11430,18689,7594,6551626,1985403,92841
177,151903,450201,178,141373,141373,127628,9432,11542,18853,7641,6604708,2007118,93109
178,153222,453921,179,142547,142547,128645,9512,11653,19017,7688,6657851,2029018,93358
179,154541,457623,180,143714,143714,129662,9587,11765,19181,7735,6711493,2051234,93619
180,155861,461319,181,144881,144881,130683,9657,11872,19345,7782,6765089,2073844,93850
181,157180,465010,182,146043,146043,131703,9733,11979,19509,7829,6818839,2096650,94068
182,158499,468698,183,147203,147203,132720,9809,12090,19673,7876,6872896,2119291,94311
183,159819,472383,184,148363,148363,133741,9881,12198,19837,7923,6926856,2142157,94535
184,161139,476057,185,149519,149519,134762,9951,12305,20001,7970,6980090,2165074,94752
185,162471,479783,186,150690,150690,135789,10030,12417,20167,8030,7034092,2188266,95007
186,163803,483503,187,151861,151861,136814,10103,12531,20333,8078,7087333,2210629,95297
187,165135,487235,188,153032,153032,137833,10186,12653,20499,8125,7141387,2233512,95680
188,166467,490961,189,154200,154200,138857,10269,12770,20665,8173,7195398,2256592,95987
189,167799,494671,190,155363,155363,139884,10345,12885,20831,8221,7248874,2279747,96236
190,169131,498376,191,156521,156521,140909,10427,13001,20997,8268,7303223,2303151,96528
191,170463,502083,192,157678,157678,141935,10511,13118,21163,8316,7357858,2326776,96803
192,171795,505784,193,158833,158833,142962,10592,13235,21329,8364,7412190,2350503,97118
193,173127,509470,194,159982,159982,143989,10672,13350,21495,8411,7466377,2374132,97411
194,174465,513165,195,161134,161134,145024,10750,13462,21661,8470,7520281,2399060,97729
195,175801,516848,196,162282,162282,146054,10828,13575,21827,8518,7573808,2422130,97996
196,177137,520541,197,163429,163429,147084,10918,13688,21993,8566,7627895,2445571,98288
197,178474,524234,198,164578,164578,148120,11005,13794,22159,8615,7681238,2469366,98510
198,179810,527910,199,165722,165722,149149,11085,13907,22325,8663,7735827,2493497,98785
199,181146,531585,200,166868,166868,150184,11158,14016,22491,8711,7790410,2517749,99024
200,182482,535262,201,168014,168014,151215,11233,14129,22657,8759,7844892,2542007,99275
201,183818,538948,202,169159,169159,152243,11320,14244,22823,8806,7899184,2566335,99561
202,185174,542724,203,170330,170330,153292,11415,14365,22992,8866,7954855,2591291,99919
203,186530,546471,204,171498,171498,154335,11493,14486,23161,8914,8008414,2615308,100192
204,187886,550217,205,172668,172668,155378,11565,14608,23330,8962,8062966,2639667,100494
205,189242,553970,206,173836,173836,156422,11649,14728,23499,9010,8117624,2664108,100761
206,190598,557716,207,175004,175004,157467,11726,14847,23668,9058,8172689,2688602,101012
207,191954,561467,208,176171,176171,158508,11811,14969,23837,9106,8227927,2713707,101270
208,193310,565211,209,177339,177339,159562,11890,15075,24006,9154,8282398,2738724,101452
209,194667,568970,210,178509,178509,160607,11976,15194,24175,9202,8337443,2763585,101736
