Backup ID, Logical chunk num, Unique chunk num, Base chunk num, Delta chunk num, Logical chunk size, Unique chunk size, Base chunk size, Delta chunk size, LZ4_save size, Delta_save size, 
0,598895,116850,112183,4667,8588886016,1011643262,612140715,5323684,351588672,42590191
1,1197560,122453,116605,5848,17177772032,1068656652,639441781,7914285,366494396,54806190
2,1796008,129193,121287,7906,25766658048,1140428135,665237571,11071082,386799029,77320453
3,2394289,132218,123235,8983,34355544064,1173572215,675799511,13427850,395851504,88493350
4,2992254,137183,127122,10061,42944430080,1224739981,698977500,15375708,410762366,99624407
5,3590141,141681,130572,11109,51533316096,1271368575,719349051,17820885,423809761,110388878
6,4187832,146604,134345,12259,60122202112,1321553168,741804385,20157349,437377405,122214029
7,4785201,153531,139858,13673,68711088128,1393256484,775040370,22530449,458670842,137014823
8,5382415,156743,142408,14335,77299974144,1426507946,790400819,23670442,468499349,143937336
9,5979346,164425,148706,15719,85888860160,1503145723,829023045,26569642,489886325,157666711
10,6576018,170688,153427,17261,94477746176,1570301913,854509991,29506878,512927153,173357891
11,7172565,173447,155592,17855,103066632192,1599181413,866176969,30236969,523187724,179579751
12,7768591,179273,160851,18422,111655518208,1655302694,900990671,31450425,538105353,184756245
13,8364315,186287,166331,19956,120244404224,1728219472,932168942,34919161,561504301,199627068
14,8959750,192236,170857,21379,128833290240,1791024047,957737214,38297479,581722135,213267219
15,9555592,200085,177249,22836,137422176256,1869703930,997868507,42398429,602729549,226707445
16,10151063,206500,182368,24132,146011062272,1936214316,1027936655,43952686,623626708,240698267
17,10746509,211749,186345,25404,154599948288,1990916616,1051032468,48372439,639969515,251542194
18,11341783,216232,189999,26233,163188834304,2036541023,1073147422,47553264,653833572,262006765
19,11937069,224744,196833,27911,171777720320,2125378546,1112485504,51686984,683171690,278034368
20,12532503,230313,201293,29020,180366606336,2183767775,1138862787,51901701,701355136,291648151
21,13128330,236831,206394,30437,188955492352,2252007329,1170019003,56555165,721223741,304209420
22,13724614,242852,211292,31560,197544378368,2314349175,1200128010,57668395,739719385,316833385
23,14321201,248008,215335,32673,206133264384,2367327048,1224143592,60365628,755429885,327387943
24,14918079,253296,219373,33923,214722150400,2422851705,1247853418,61761071,771820641,341416575
25,15514344,263864,228179,35685,223311036416,2532991177,1298464431,65893824,811129464,357503458
26,16110797,270198,233320,36878,231899922432,2599455402,1328265351,68336295,833531053,369322703
27,16707645,276189,237969,38220,240488808448,2662676451,1355807530,70373173,852808906,383686842
28,17305024,284120,244365,39755,249077694464,2744938978,1393717869,73835091,878349426,399036592
29,17903139,291725,250439,41286,257666580480,2824004350,1430392749,76721851,902314566,414575184
