Backup ID, FPindex, SFindex, Deltaindex
0,9348000,21240832,205568
1,9796240,22088128,266688
2,10335440,22986624,370336
3,10577440,23360384,419104
4,10974640,24106368,468928
5,11334480,24762816,515968
6,11728320,25485440,566240
7,12282480,26542272,629792
8,12539440,27031808,659456
9,13154000,28236800,719456
10,13655040,29141632,786528
11,13875760,29557120,812608
12,14341840,30566656,836544
13,14902960,31618304,904640
14,15378880,32486656,966688
15,16006800,33712960,1030400
16,16520000,34692224,1088320
17,16939920,35453952,1142976
18,17298560,36155648,1179872
19,17979520,37465472,1251552
20,18425040,38320448,1300480
21,18946480,39298432,1361088
22,19428160,40238464,1411040
23,19840640,41013696,1459104
24,20263680,41788096,1514112
25,21109120,43474496,1588416
26,21615840,44461120,1639520
27,22095120,45352960,1696864
28,22729600,46579712,1763424
29,23338000,47744896,1829760
