Backup ID, Online Delta_save, Offline Delta_save, Offline delta time, Offline dedelta time, Offline delete time, Offline Delta chunk num
0,39714930,2875261,1844,1545,21,299
1,51879139,2927051,3635,3300,34,335
2,73271188,4049265,5679,5303,54,376
3,83782610,4710740,8478,8025,77,453
4,94523002,5101405,10625,10139,92,486
5,103480317,6908561,14447,13743,135,704
6,112498497,9715532,18764,17784,187,980
7,123591418,13423405,23613,22320,243,1293
8,130092281,13845055,26338,25014,266,1324
9,140153751,17512960,32008,30299,346,1709
10,149945773,23412118,38402,36150,434,2252
11,154649558,24930193,43352,40993,489,2359
12,158865282,25890963,48315,45857,549,2458
13,168504812,31122256,55681,52682,648,2999
14,177939234,35327985,63399,59952,743,3447
15,188302027,38405418,71657,67821,857,3836
16,197151298,43546969,80379,76138,976,4241
17,205597939,45944255,85836,81176,1089,4660
18,212344485,49662280,92363,87578,1152,4785
19,222731467,55302901,102764,97354,1292,5410
20,231104664,60543487,110873,105148,1407,5725
21,241140150,63069270,119821,113661,1549,6160
22,249527821,67305564,128155,121671,1667,6484
23,257235730,70152213,134897,128069,1794,6828
24,265914490,75502085,144241,137003,1927,7238
25,276232220,81271238,154807,146948,2096,7859
26,284404504,84918199,165025,156813,2227,8212
27,294230339,89456503,175055,166477,2374,8578
28,304611006,94425586,186395,177299,2554,9096
29,315039540,99535644,197967,188371,2709,9596
