BackupID, OnlineSpeed(MB/s), Encalve ProcessTime(s), BackupSize, OnlineSize, OfflineSize, OfflineTime(s)
0, 449.106, 18.2384, 8588886016, 618919581, 617464399, 1.79921
1, 701.075, 11.6835, 8588886016, 647026326, 647356066, 1.40534
2, 729.326, 11.2309, 8588886016, 676971513, 676308653, 1.61695
3, 781.972, 10.4748, 8588886016, 689093346, 689227361, 2.09186
4, 780.283, 10.4975, 8588886016, 714402552, 714353208, 1.63159
5, 756.12, 10.8329, 8588886016, 736765931, 737169936, 3.15747
6, 783.044, 10.4605, 8588886016, 762035253, 761961734, 3.73154
7, 720.577, 11.3673, 8588886016, 798371745, 797570819, 4.13766
8, 780.868, 10.4896, 8588886016, 814188679, 814071261, 2.14261
9, 744.711, 10.9989, 8588886016, 855852658, 855592687, 4.80299
10, 736.66, 11.1191, 8588886016, 884901929, 884016869, 5.60841
11, 799.776, 10.2416, 8588886016, 897141265, 896413938, 4.02071
12, 708.682, 11.5581, 8588886016, 932558204, 932441096, 3.94866
13, 746.985, 10.9654, 8588886016, 967253142, 967088103, 6.15203
14, 768.524, 10.6581, 8588886016, 996488050, 996034693, 6.48095
15, 688.115, 11.9035, 8588886016, 1039901730, 1040266936, 7.02031
16, 743.202, 11.0212, 8588886016, 1073766222, 1071889341, 7.17604
17, 774.255, 10.5792, 8588886016, 1098239315, 1099404907, 4.9089
18, 777.149, 10.5398, 8588886016, 1123403947, 1120700686, 4.9524
19, 736.657, 11.1191, 8588886016, 1164409454, 1164172488, 8.50477
20, 764.966, 10.7077, 8588886016, 1193267835, 1190764488, 6.62478
21, 752.739, 10.8816, 8588886016, 1225337204, 1226574168, 7.50006
22, 757.487, 10.8134, 8588886016, 1259476833, 1257796405, 6.81775
23, 684.346, 11.9691, 8588886016, 1284475646, 1284509220, 5.69201
24, 745.835, 10.9823, 8588886016, 1311369833, 1309614489, 7.61655
25, 717.129, 11.4219, 8588886016, 1364897380, 1364358255, 9.13996
26, 755.49, 10.842, 8588886016, 1397116206, 1396601646, 8.20114
27, 737.139, 11.1119, 8588886016, 1427561108, 1426180703, 8.17486
28, 725.417, 11.2914, 8588886016, 1468207535, 1467552960, 9.33854
29, 739.288, 11.0796, 8588886016, 1508067654, 1507114600, 9.14414
