Backup ID, Ecall, Inline_Ocall, Offline_Ocall, _Inline_FPOcall, _Inline_SFOcall, _Inline_LocalOcall, _Inline_LoadOcall, _Inline_DeltaOcall, _Inline_RecipeOcall, _Inline_Write_ContainerOcall, _inline_have_similar_chunk_num, _inline_need_load_container_num
0,4681,8657,25591,1132,1132,7,1130,4672,584,157,6508,1282,
1,9361,14680,42982,1456,1456,8,1243,9349,1168,165,7703,1658,
2,14039,20954,66580,1892,1892,10,1385,14023,1752,174,9761,2231,
3,18716,26807,93842,2143,2143,14,1477,18694,2336,178,10839,2625,
4,23390,32772,113383,2444,2444,15,1585,23365,2919,185,11918,3038,
5,28063,38690,158015,2722,2722,24,1693,28027,3502,192,13016,3466,
6,32735,44707,210422,3041,3041,37,1819,32684,4085,199,14169,3984,
7,37404,50806,267849,3386,3386,51,1978,37337,4668,209,15586,4597,
8,42072,56557,292028,3583,3583,53,2086,42001,5251,214,16248,4914,
9,46738,62777,364565,3971,3971,73,2284,46645,5833,225,17674,5568,
10,51402,68892,443490,4307,4307,98,2483,51282,6415,233,19219,6272,
11,56065,74630,492851,4500,4500,105,2592,55936,6997,238,19813,6580,
12,60724,80432,547908,4732,4732,113,2691,60585,7579,248,20380,6876,
13,65381,86548,636683,5078,5078,140,2879,65213,8160,258,21914,7553,
14,70035,92781,722454,5478,5478,160,3079,69845,8741,266,23337,8240,
15,74693,98993,821965,5855,5855,185,3300,74476,9322,278,24794,8975,
16,79348,105298,928386,6255,6255,209,3571,79105,9903,287,26119,9674,
17,84002,111471,1018397,6625,6625,232,3771,83734,10484,295,27391,10311,
18,88655,117537,1079849,6951,6951,240,3953,88377,11065,302,28220,10788,
19,93308,123975,1199879,7411,7411,272,4239,92996,11646,314,29898,11695,
20,97962,130194,1296548,7787,7787,292,4473,97628,12227,322,31017,12330,
21,102619,136544,1414147,8218,8218,318,4725,102257,12808,332,32436,13098,
22,107280,142871,1511909,8639,8639,338,4969,106896,13390,341,33559,13775,
23,111943,149117,1608719,9032,9032,362,5186,111533,13972,349,34674,14446,
24,116609,155444,1720206,9425,9425,388,5481,116171,14554,357,35924,15167,
25,121270,162019,1857502,9914,9914,425,5837,120793,15136,372,37715,16103,
26,125932,168396,1968455,10339,10339,450,6122,125428,15718,381,38908,16827,
27,130597,174823,2087573,10775,10775,475,6432,130066,16300,390,40250,17615,
28,135267,181360,2229649,11237,11237,513,6794,134696,16883,402,41789,18553,
29,139942,187922,2358393,11736,11736,545,7101,139337,17467,413,43322,19414,
