Backup ID, Logical chunk num, Unique chunk num, Base chunk num, Delta chunk num, Logical chunk size, Unique chunk size, Base chunk size, Delta chunk size, LZ4_save size, Delta_save size, 
0,598895,116850,111673,5177,8588886016,1011643262,610109067,6461560,347617539,47455096
1,1197560,122453,116081,6372,17177772032,1068656652,637350893,8792438,362436590,60076731
2,1796008,129193,120764,8429,25766658048,1140428135,663155128,12353115,382748808,82171084
3,2394289,132218,122719,9499,34355544064,1173572215,673752227,14607363,391849265,93363360
4,2992254,137183,126604,10579,42944430080,1224739981,696922016,16630188,406744988,104442789
5,3590141,141681,130006,11675,51533316096,1271368575,717167303,18557402,419313352,116330518
6,4187832,146604,133774,12830,60122202112,1321553168,739598203,21313531,432832997,127808437
7,4785201,153531,139282,14249,68711088128,1393256484,772794171,23202952,454094861,143164500
8,5382415,156743,141838,14905,77299974144,1426507946,788158985,24348998,463970832,150029131
9,5979346,164425,148175,16250,85888860160,1503145723,826855421,27510915,485787834,162991553
10,6576018,170688,152927,17761,94477746176,1570301913,852405479,31708405,509143361,177044668
11,7172565,173447,155096,18351,103066632192,1599181413,864083688,31900817,519437964,183758944
12,7768591,179273,160364,18909,111655518208,1655302694,898910317,32902284,534449102,189040991
13,8364315,186287,165858,20429,120244404224,1728219472,930141787,36967243,557931764,203178678
14,8959750,192236,170394,21842,128833290240,1791024047,955753193,39710271,578301923,217258660
15,9555592,200085,176834,23251,137422176256,1869703930,995995326,43328226,599808757,230571621
16,10151063,206500,181951,24549,146011062272,1936214316,1026064452,46572054,620550432,243027378
17,10746509,211749,185942,25807,154599948288,1990916616,1049203352,48826600,637013102,255873562
18,11341783,216232,189605,26627,163188834304,2036541023,1071329774,49429202,650916183,264865864
19,11937069,224744,196449,28295,171777720320,2125378546,1110698015,52370839,680317267,281992425
20,12532503,230313,200909,29404,180366606336,2183767775,1137062333,55144307,698533539,293027596
21,13128330,236831,206025,30806,188955492352,2252007329,1168301959,58349533,718487349,306868488
22,13724614,242852,210928,31924,197544378368,2314349175,1198417436,59172344,737016187,319743208
23,14321201,248008,214998,33010,206133264384,2367327048,1222510895,61995489,752990388,329830276
24,14918079,253296,219052,34244,214722150400,2422851705,1246275173,64417043,769527709,342631780
25,15514344,263864,227875,35989,223311036416,2532991177,1296925953,68424513,808972024,358668687
26,16110797,270198,233031,37167,231899922432,2599455402,1326796366,71469764,831529493,369659779
27,16707645,276189,237693,38496,240488808448,2662676451,1354399089,72826466,850919631,384531265
28,17305024,284120,244098,40022,249077694464,2744938978,1392317643,76356345,876582878,399682112
29,17903139,291725,250187,41538,257666580480,2824004350,1429045849,78708452,900664190,415585859
