Backup ID, FPindex, SFindex, Deltaindex
0,9348000,21210432,225472
1,9796240,22056704,287296
2,10335440,22955584,390592
3,10577440,23329920,438848
4,10974640,24075776,488736
5,11334480,24728704,537312
6,11728320,25452096,587712
7,12282480,26508864,651488
8,12539440,26999040,681024
9,13154000,28208448,739616
10,13655040,29117440,805472
11,13875760,29533760,831520
12,14341840,30544576,855424
13,14902960,31598784,923296
14,15378880,32469056,985280
15,16006800,33701376,1047968
16,16520000,34681920,1106016
17,16939920,35448128,1160224
18,17298560,36151360,1197088
19,17979520,37463552,1268672
20,18425040,38319552,1317824
21,18946480,39300992,1378112
22,19428160,40242048,1428064
23,19840640,41021568,1475392
24,20263680,41798784,1530304
25,21109120,43489280,1604384
26,21615840,44479040,1655168
27,22095120,45373376,1712064
28,22729600,46602496,1778432
29,23338000,47770944,1844736
