Backup ID, Online Delta_save, Offline Delta_save, Offline delta time, Offline dedelta time, Offline delete time, Offline Delta chunk num
0,46904324,550772,67,9,11,58
1,59525959,550772,67,9,11,58
2,81037277,1133807,1884,1802,25,82
3,92229553,1133807,1884,1802,25,82
4,103308982,1133807,1884,1802,25,82
5,114475414,1855104,5332,5206,45,126
6,125937628,1870809,9593,9413,73,180
7,139528958,3635542,13758,13512,102,246
8,146083667,3945464,16522,16252,124,270
9,159030548,3961005,21912,21580,160,332
10,172205438,4839230,27160,26653,221,507
11,177279728,6479216,32257,31686,266,571
12,182223414,6817577,35608,35022,291,586
13,195127374,8051304,42823,42021,358,802
14,206366563,10892097,50566,49507,421,1059
15,217764795,12806826,58708,57398,516,1310
16,229200235,13827143,64920,63449,583,1471
17,239667762,16205800,69787,68111,654,1676
18,246974300,17891564,74585,72848,702,1737
19,259997284,21995141,82515,80453,801,2062
20,270254656,22772940,88228,86026,873,2202
21,282357930,24510558,96521,94116,976,2405
22,292135560,27607648,104938,102348,1073,2590
23,301901827,27928449,111480,108804,1153,2676
24,312179198,30452582,123077,120165,1259,2912
25,324976025,33692662,133600,130325,1396,3275
26,334663951,34995828,142662,139194,1489,3468
27,345819982,38711283,152229,148542,1603,3687
28,358755637,40926475,164961,160999,1754,3962
29,372124345,43461514,172462,168297,1854,4165
