BackupID, OnlineSpeed(MB/s), Encalve ProcessTime(s), BackupSize, OnlineSize, OfflineSize, OfflineTime(s)
0, 445.88, 18.3704, 8588886016, 616819337, 616570627, 0.29833
1, 730.511, 11.2127, 8588886016, 646143331, 646143331, 0.001048
2, 759.809, 10.7803, 8588886016, 675811785, 675508243, 1.53151
3, 789.281, 10.3778, 8588886016, 688359590, 688359590, 0.001162
4, 741.715, 11.0433, 8588886016, 713552204, 713552204, 0.001747
5, 782.907, 10.4623, 8588886016, 735987665, 735724705, 2.54891
6, 756.423, 10.8286, 8588886016, 760370360, 760911734, 3.24956
7, 690.692, 11.8591, 8588886016, 797106763, 795997123, 3.38289
8, 794.334, 10.3118, 8588886016, 812594221, 812507983, 2.1569
9, 744.981, 10.9949, 8588886016, 853779647, 854366336, 4.05306
10, 729.183, 11.2331, 8588886016, 883287245, 884113884, 4.48079
11, 801.245, 10.2228, 8588886016, 897178172, 895984505, 4.11364
12, 781.571, 10.4802, 8588886016, 932003021, 931812601, 2.56592
13, 732.669, 11.1797, 8588886016, 966339110, 967109030, 5.56167
14, 770.317, 10.6333, 8588886016, 995991046, 995463464, 6.27591
15, 739.269, 11.0799, 8588886016, 1038977235, 1039323552, 6.80938
16, 758.621, 10.7972, 8588886016, 1072459700, 1072636506, 5.07154
17, 737.671, 11.1039, 8588886016, 1098756677, 1098029952, 4.27469
18, 771.761, 10.6134, 8588886016, 1121866945, 1120758976, 3.82732
19, 736.923, 11.1151, 8588886016, 1164200050, 1163068854, 6.425
20, 735.852, 11.1313, 8588886016, 1191840745, 1192206640, 4.7545
21, 727.911, 11.2527, 8588886016, 1226586334, 1226651492, 6.53919
22, 682.658, 11.9987, 8588886016, 1259164297, 1257589780, 6.85096
23, 740.629, 11.0595, 8588886016, 1284100466, 1284506384, 5.24539
24, 735.666, 11.1341, 8588886016, 1310991451, 1310692216, 8.86418
25, 682.038, 12.0096, 8588886016, 1365379034, 1365350466, 8.61404
26, 731.005, 11.2051, 8588886016, 1397972014, 1398266130, 7.06199
27, 738.512, 11.0912, 8588886016, 1428987370, 1427225555, 7.74388
28, 714.303, 11.4671, 8588886016, 1468628869, 1468673988, 10.0736
29, 727.699, 11.256, 8588886016, 1508566606, 1507754301, 6.13692
