Backup ID, Ecall, Inline_Ocall, Offline_Ocall, _Inline_FPOcall, _Inline_SFOcall, _Inline_LocalOcall, _Inline_LoadOcall, _Inline_DeltaOcall, _Inline_RecipeOcall, _Inline_Write_ContainerOcall, _inline_have_similar_chunk_num, _inline_need_load_container_num
0,4681,8617,12751,1132,1132,1,1090,4678,584,156,6487,1267,
1,9361,14633,12756,1456,1456,1,1196,9356,1168,164,7683,1625,
2,14039,20922,33439,1892,1892,2,1353,14031,1752,173,9740,2223,
3,18716,26792,33444,2143,2143,2,1462,18706,2336,177,10819,2622,
4,23390,32775,33449,2444,2444,2,1588,23378,2919,184,11899,3049,
5,28063,38734,63158,2722,2722,3,1737,28048,3502,191,12996,3493,
6,32735,44785,100139,3041,3041,5,1897,32716,4085,198,14151,4003,
7,37404,50898,137238,3386,3386,7,2070,37381,4668,208,15574,4600,
8,42072,56661,165714,3583,3583,8,2190,42046,5251,213,16232,4929,
9,46738,62887,210753,3971,3971,11,2394,46707,5833,224,17645,5581,
10,51402,69024,272273,4307,4307,18,2615,51362,6415,232,19179,6250,
11,56065,74784,319542,4500,4500,21,2746,56020,6997,237,19769,6570,
12,60724,80618,349042,4732,4732,22,2877,60676,7579,247,20334,6876,
13,65381,86809,416275,5078,5078,31,3140,65322,8160,257,21854,7566,
14,70035,93093,482641,5478,5478,39,3391,69966,8741,265,23267,8287,
15,74693,99390,572790,5855,5855,51,3697,74610,9322,277,24709,9067,
16,79348,105698,636564,6255,6255,56,3971,79258,9903,286,26034,9761,
17,84002,111955,699171,6625,6625,64,4255,83902,10484,293,27292,10432,
18,88655,118061,747679,6951,6951,67,4477,88550,11065,300,28113,10937,
19,93308,124578,835552,7411,7411,80,4842,93188,11646,312,29781,11868,
20,97962,130846,904960,7787,7787,87,5125,97833,12227,320,30893,12516,
21,102619,137309,999334,8218,8218,96,5490,102479,12808,329,32295,13330,
22,107280,143711,1089767,8639,8639,105,5809,107129,13390,338,33413,14042,
23,111943,150057,1164992,9032,9032,111,6126,111784,13972,346,34515,14727,
24,116609,156451,1270116,9425,9425,122,6488,116437,14554,354,35749,15474,
25,121270,163107,1393098,9914,9914,139,6925,121079,15136,369,37524,16443,
26,125932,169569,1482803,10339,10339,149,7295,125729,15718,378,38703,17193,
27,130597,176066,1584922,10775,10775,160,7675,130381,16300,387,40032,18008,
28,135267,182643,1722814,11237,11237,178,8077,135031,16883,398,41559,18948,
29,139942,189301,1809875,11736,11736,187,8480,139695,17467,409,43075,19822,
