Backup ID, Logical chunk num, Unique chunk num, Base chunk num, Delta chunk num, Logical chunk size, Unique chunk size, Base chunk size, Delta chunk size, LZ4_save size, Delta_save size, 
0,598895,116850,111525,5325,8588886016,1011643262,609564847,5825626,346993972,49258817
1,1197560,122453,115978,6475,17177772032,1068656652,636936202,7863661,362258207,61598582
2,1796008,129193,120660,8533,25766658048,1140428135,662781335,11457559,382490386,83698855
3,2394289,132218,122595,9623,34355544064,1173572215,673347232,13522410,391368326,95334247
4,2992254,137183,126476,10707,42944430080,1224739981,696590686,16366518,406162266,105620511
5,3590141,141681,129865,11816,51533316096,1271368575,716883347,18104940,418523273,117857015
6,4187832,146604,133613,12991,60122202112,1321553168,739260301,21537078,431793118,128962671
7,4785201,153531,139107,14424,68711088128,1393256484,772500422,22776907,452776865,145202290
8,5382415,156743,141639,15104,77299974144,1426507946,787805613,24364324,462450871,151887138
9,5979346,164425,147859,16566,85888860160,1503145723,826238058,27862750,483042540,166002375
10,6576018,170688,152545,18143,94477746176,1570301913,851627399,30511562,505768056,182394896
11,7172565,173447,154702,18745,103066632192,1599181413,863267502,31388482,515973066,188552363
12,7768591,179273,159945,19328,111655518208,1655302694,898043217,32257261,530763931,194238285
13,8364315,186287,165385,20902,120244404224,1728219472,929101536,35882264,553772509,209463163
14,8959750,192236,169886,22350,128833290240,1791024047,954589445,38106860,573703582,224624160
15,9555592,200085,176239,23846,137422176256,1869703930,994593856,42343752,594386369,238379953
16,10151063,206500,181286,25214,146011062272,1936214316,1024434100,44304141,614635669,252840406
17,10746509,211749,185227,26522,154599948288,1990916616,1047452948,46702681,630639474,266121513
18,11341783,216232,188860,27372,163188834304,2036541023,1069503090,48915070,644303999,273818864
19,11937069,224744,195639,29105,171777720320,2125378546,1108711040,51641850,673183411,291842245
20,12532503,230313,200058,30255,180366606336,2183767775,1134947644,53880281,690959922,303979928
21,13128330,236831,205116,31715,188955492352,2252007329,1165969879,56628382,710456663,318952405
22,13724614,242852,209980,32872,197544378368,2314349175,1195947646,59913455,728628634,329859440
23,14321201,248008,214003,34005,206133264384,2367327048,1219890684,61575629,744078960,341781775
24,14918079,253296,218022,35274,214722150400,2422851705,1243553137,64292514,760324864,354681190
25,15514344,263864,226766,37098,223311036416,2532991177,1293956266,69374899,799083027,370576985
26,16110797,270198,231882,38316,231899922432,2599455402,1323668567,70525942,821253815,384007078
27,16707645,276189,236509,39680,240488808448,2662676451,1351143555,74085790,840304485,397142621
28,17305024,284120,242872,41248,249077694464,2744938978,1388957700,75909639,865593106,414478533
29,17903139,291725,248915,42810,257666580480,2824004350,1425510150,78565325,889332580,430596295
