Backup ID, FPindex, SFindex, Deltaindex
0,9348000,21191936,237792
1,9796240,22039488,297856
2,10335440,22936640,401536
3,10577440,23306752,450464
4,10974640,24049920,500512
5,11334480,24699520,549440
6,11728320,25418176,600288
7,12282480,26470976,663936
8,12539440,26956352,693920
9,13154000,28149632,756064
10,13655040,29048320,823744
11,13875760,29461184,849888
12,14341840,30467392,873952
13,14902960,31510592,942912
14,15378880,32373312,1004832
15,16006800,33591360,1069280
16,16520000,34559616,1128992
17,16939920,35316160,1184096
18,17298560,36013440,1221408
19,17979520,37312576,1294240
20,18425040,38160704,1344032
21,18946480,39130240,1405056
22,19428160,40063744,1455456
23,19840640,40835008,1503424
24,20263680,41605376,1558464
25,21109120,43282560,1634304
26,21615840,44264000,1685600
27,22095120,45151232,1743008
28,22729600,46371392,1809792
29,23338000,47530304,1876832
