Backup ID, Online Delta_save, Offline Delta_save, Offline delta time, Offline dedelta time, Offline delete time, Offline Delta chunk num
0,21579173,27679644,4738,1791,95,2947
1,29091117,32507465,6954,3574,146,3380
2,44717047,38981808,10003,6034,210,3969
3,48835494,46498753,13657,8997,271,4660
4,52866062,52754449,17585,12249,340,5336
5,55835925,62021090,22219,16061,418,6158
6,60007864,68954807,27259,20336,504,6923
7,63888901,81313389,33110,25166,617,7944
8,66372705,85514433,37409,29047,702,8362
9,69522135,96480240,43103,33633,831,9470
10,73218926,109175970,49362,38708,968,10654
11,75356386,113195977,54828,43801,1074,11027
12,77119521,117118764,60009,48645,1165,11364
13,80062688,129400475,66945,54319,1324,12626
14,83864774,140759386,74850,61196,1482,13654
15,86693220,151686733,82834,68009,1637,14825
16,90530303,162310103,90937,75150,1799,15787
17,93050166,173071347,99694,82883,1955,16811
18,96312952,177505912,108153,90853,2085,17300
19,99876786,191965459,118352,99708,2281,18644
20,103790703,200189225,127991,108574,2444,19417
21,107731829,211220576,138652,118166,2617,20486
22,111501712,218357728,149037,127760,2802,21277
23,114848677,226933098,160060,138002,2980,22058
24,117926076,236755114,171693,148670,3173,23023
25,122194729,248382256,184667,160412,3398,24255
26,125929980,258077098,197059,172010,3589,25049
27,129389377,267753244,210458,184401,3795,26057
28,133526592,280951941,224808,197627,4021,27181
29,138586202,292010093,239416,211185,4229,28231
