BackupID, OnlineSpeed(MB/s), Encalve ProcessTime(s), BackupSize, OnlineSize, OfflineSize, OfflineTime(s)
0, 445.474, 18.3871, 8588886016, 624168213, 615390473, 7.55836
1, 778.953, 10.5154, 8588886016, 645366427, 644799863, 2.44424
2, 770.185, 10.6351, 8588886016, 674870277, 674238894, 3.28903
3, 804.14, 10.186, 8588886016, 687860759, 686869642, 3.68354
4, 745.86, 10.982, 8588886016, 713000626, 712957204, 3.8758
5, 759.147, 10.7897, 8588886016, 736684203, 734988287, 4.53165
6, 787.072, 10.4069, 8588886016, 760620535, 760797379, 4.80646
7, 781.554, 10.4804, 8588886016, 798614968, 795277329, 5.80772
8, 804.945, 10.1758, 8588886016, 812913777, 812169937, 3.96175
9, 768.559, 10.6576, 8588886016, 855290120, 854100808, 5.78656
10, 782.813, 10.4635, 8588886016, 884449995, 882138961, 6.26944
11, 811.631, 10.092, 8588886016, 895790498, 894655984, 4.70414
12, 798.194, 10.2619, 8588886016, 931195699, 930300478, 4.37836
13, 738.029, 11.0985, 8588886016, 966482735, 964983800, 7.05818
14, 770.58, 10.6297, 8588886016, 995544500, 992696305, 7.26414
15, 775.543, 10.5616, 8588886016, 1037770592, 1036937608, 7.40817
16, 749.094, 10.9345, 8588886016, 1071534888, 1068738241, 7.33507
17, 779.506, 10.5079, 8588886016, 1096165058, 1094155629, 7.93862
18, 782.674, 10.4654, 8588886016, 1118970236, 1118418160, 6.96049
19, 710.491, 11.5286, 8588886016, 1163506516, 1160352890, 9.42811
20, 786.624, 10.4129, 8588886016, 1190522966, 1188827925, 8.29987
21, 762.71, 10.7393, 8588886016, 1224570376, 1222598261, 9.31303
22, 776.049, 10.5547, 8588886016, 1256569960, 1255861101, 9.46909
23, 780.036, 10.5008, 8588886016, 1283438824, 1281466313, 9.43112
24, 782.316, 10.4702, 8588886016, 1309687062, 1307845651, 10.1704
25, 742.003, 11.039, 8588886016, 1364615133, 1363331165, 11.8331
26, 763.971, 10.7216, 8588886016, 1397130256, 1394194509, 11.3297
27, 776.669, 10.5463, 8588886016, 1426378143, 1425229345, 11.8125
28, 714.838, 11.4585, 8588886016, 1468774296, 1464867339, 12.701
29, 751.077, 10.9057, 8588886016, 1506633918, 1504075475, 12.7033
