Backup ID, Ecall, Inline_Ocall, Offline_Ocall, _Inline_FPOcall, _Inline_SFOcall, _Inline_LocalOcall, _Inline_LoadOcall, _Inline_DeltaOcall, _Inline_RecipeOcall, _Inline_Write_ContainerOcall, _inline_have_similar_chunk_num, _inline_need_load_container_num
0,4681,8290,94268,1132,1132,159,763,4520,584,158,6494,1271,
1,9361,14267,143832,1456,1456,193,830,9164,1168,167,7691,1639,
2,14039,20495,205173,1892,1892,239,926,13794,1752,175,9750,2201,
3,18716,26320,263829,2143,2143,298,990,18410,2336,180,10841,2579,
4,23390,32251,326000,2444,2444,352,1064,23028,2919,188,11925,2988,
5,28063,38130,393255,2722,2722,422,1133,27629,3502,195,13035,3415,
6,32735,44104,468951,3041,3041,487,1216,32234,4085,203,14210,3909,
7,37404,50153,562271,3386,3386,578,1325,36810,4668,214,15654,4514,
8,42072,55855,627958,3583,3583,626,1384,41428,5251,220,16334,4838,
9,46738,61987,730569,3971,3971,728,1494,45990,5833,232,17796,5506,
10,51402,67993,832791,4307,4307,829,1584,50551,6415,241,19374,6183,
11,56065,73689,911534,4500,4500,871,1651,55170,6997,246,19983,6501,
12,60724,79448,978391,4732,4732,910,1707,59788,7579,256,20566,6790,
13,65381,85474,1097392,5078,5078,1019,1805,64334,8160,266,22140,7496,
14,70035,91609,1217145,5478,5478,1115,1907,68890,8741,275,23588,8156,
15,74693,97685,1333937,5855,5855,1232,1992,73429,9322,288,25084,8876,
16,79348,103824,1454848,6255,6255,1331,2097,77983,9903,298,26452,9548,
17,84002,109890,1578654,6625,6625,1429,2190,82537,10484,306,27760,10181,
18,88655,115862,1682693,6951,6951,1491,2278,87126,11065,314,28610,10636,
19,93308,122148,1830621,7411,7411,1631,2412,91637,11646,327,30343,11556,
20,97962,128229,1956140,7787,7787,1720,2508,96200,12227,336,31495,12199,
21,102619,134436,2088852,8218,8218,1834,2617,100741,12808,346,32955,12977,
22,107280,140629,2233406,8639,8639,1928,2727,105306,13390,356,34112,13634,
23,111943,146771,2369712,9032,9032,2024,2840,109871,13972,364,35245,14289,
24,116609,152904,2517086,9425,9425,2131,2941,114428,14554,372,36514,14984,
25,121270,159235,2689841,9914,9914,2262,3053,118956,15136,387,38338,15895,
26,125932,165445,2841962,10339,10339,2360,3171,123518,15718,397,39556,16603,
27,130597,171670,3002320,10775,10775,2479,3279,128062,16300,406,40920,17355,
28,135267,177970,3173533,11237,11237,2614,3404,132595,16883,418,42489,18245,
29,139942,184360,3341088,11736,11736,2731,3539,137151,17467,430,44052,19079,
