Backup ID, Logical chunk num, Unique chunk num, Base chunk num, Delta chunk num, Logical chunk size, Unique chunk size, Base chunk size, Delta chunk size, LZ4_save size, Delta_save size, 
0,598895,116850,111570,5280,8588886016,1011643262,609406562,5677867,347804393,48754440
1,1197560,122453,115987,6466,17177772032,1068656652,636710345,7981252,362691514,61273541
2,1796008,129193,120678,8515,25766658048,1140428135,662564018,11807903,383055068,83001146
3,2394289,132218,122620,9598,34355544064,1173572215,673107187,13535058,392063200,94866770
4,2992254,137183,126505,10678,42944430080,1224739981,696296462,16312856,406912944,105217719
5,3590141,141681,129906,11775,51533316096,1271368575,716609252,18457218,419426148,116875957
6,4187832,146604,133664,12940,60122202112,1321553168,739044218,21554504,432777712,128176734
7,4785201,153531,139211,14320,68711088128,1393256484,772388830,22564549,454343870,143959235
8,5382415,156743,141749,14994,77299974144,1426507946,787702476,23911704,464081400,150812366
9,5979346,164425,147994,16431,85888860160,1503145723,826223085,27601350,484930120,164391168
10,6576018,170688,152699,17989,94477746176,1570301913,851646118,30202946,507831160,180621689
11,7172565,173447,154866,18581,103066632192,1599181413,863292840,31457145,518150501,186280927
12,7768591,179273,160116,19157,111655518208,1655302694,898077718,31730311,532981521,192513144
13,8364315,186287,165577,20710,120244404224,1728219472,929229711,35425469,556152799,207411493
14,8959750,192236,170097,22139,128833290240,1791024047,954797118,37631677,576285316,222309936
15,9555592,200085,176462,23623,137422176256,1869703930,994847990,41289512,597047487,236518941
16,10151063,206500,181529,24971,146011062272,1936214316,1024759101,43687265,617466785,250301165
17,10746509,211749,185480,26269,154599948288,1990916616,1047796992,46273795,633569326,263276503
18,11341783,216232,189118,27114,163188834304,2036541023,1069850804,48415976,647293497,270980746
19,11937069,224744,195925,28819,171777720320,2125378546,1109126807,52060072,676372365,287819302
20,12532503,230313,200358,29955,180366606336,2183767775,1135413718,53027522,694319985,301006550
21,13128330,236831,205426,31405,188955492352,2252007329,1166487818,56739869,713911040,314868602
22,13724614,242852,210302,32550,197544378368,2314349175,1196511532,59037409,732197524,326602710
23,14321201,248008,214334,33674,206133264384,2367327048,1220483526,61324656,747755190,337763676
24,14918079,253296,218360,34936,214722150400,2422851705,1244180766,63462761,764039028,351169150
25,15514344,263864,227131,36733,223311036416,2532991177,1294693829,68417400,803028878,366851070
26,16110797,270198,232250,37948,231899922432,2599455402,1324412351,69281204,825217715,380544132
27,16707645,276189,236883,39306,240488808448,2662676451,1351906656,73109509,844339556,393320730
28,17305024,284120,243251,40869,249077694464,2744938978,1389718595,75278822,869662306,410279255
29,17903139,291725,249311,42414,257666580480,2824004350,1426336602,78181877,893524328,425961543
