Backup ID, FPindex, SFindex, Deltaindex
0,9348000,21202752,234080
1,9796240,22048832,295232
2,10335440,22948032,398720
3,10577440,23320640,447616
4,10974640,24065664,497536
5,11334480,24716672,546144
6,11728320,25437056,596800
7,12282480,26495936,658912
8,12539440,26982784,688864
9,13154000,28179968,750336
10,13655040,29081024,817536
11,13875760,29495872,843520
12,14341840,30503744,867424
13,14902960,31551360,935840
14,15378880,32417536,997440
15,16006800,33637696,1061920
16,16520000,34609344,1121216
17,16939920,35367616,1176288
18,17298560,36066240,1213536
19,17979520,37370432,1285760
20,18425040,38220928,1335168
21,18946480,39192576,1396448
22,19428160,40128320,1446688
23,19840640,40901632,1494624
24,20263680,41673408,1549664
25,21109120,43355072,1624736
26,21615840,44337216,1676096
27,22095120,45225280,1733568
28,22729600,46446656,1800736
29,23338000,47608960,1867328
