Backup ID, Online Delta_save, Offline Delta_save, Offline delta time, Offline dedelta time, Offline delete time, Offline Delta chunk num
0,32574480,16179960,3466,1751,65,1715
1,42677335,18596206,5523,3598,95,1925
2,61366568,21634578,8353,6131,136,2222
3,69431607,25435163,11354,8842,181,2512
4,77827523,27390196,14884,12107,229,2777
5,83040549,33835408,19234,15852,300,3382
6,89342645,38834089,23998,20055,377,3943
7,95806556,48152679,29447,24769,468,4678
8,100516716,50295650,33372,28481,536,4891
9,106580960,57810208,38632,32929,638,5703
10,112772579,67849110,44505,37881,757,6624
11,115937759,70343168,49746,42861,846,6885
12,119019735,73493409,55176,48088,926,7088
13,123679707,83731786,61846,53688,1062,8158
14,129302693,93007243,68820,59826,1210,8994
15,135271209,101247732,76310,66466,1360,9844
16,141403720,108897445,84072,73499,1496,10573
17,146187589,117088914,92502,81131,1656,11371
18,150735313,120245433,99693,87975,1779,11718
19,157075239,130744063,109344,96584,1959,12760
20,162253287,138753263,118302,104901,2120,13401
21,168928066,145940536,128072,113875,2286,14197
22,175012907,151589803,136966,122207,2443,14759
23,180054205,157709471,147095,131722,2607,15373
24,184816825,166352325,157800,141635,2786,16165
25,190822222,176028848,169975,152766,2985,17209
26,196162502,184381630,181119,163265,3170,17854
27,201414313,191906417,193649,174963,3364,18686
28,208003886,202275369,206466,186884,3587,19582
29,215538302,210423241,218855,198491,3775,20364
