BackupID, OnlineSpeed(MB/s), Encalve ProcessTime(s), BackupSize, OnlineSize, OfflineSize, OfflineTime(s)
0, 450.006, 18.202, 8588886016, 620408330, 615084429, 5.9067
1, 782.757, 10.4643, 8588886016, 644940910, 644691597, 1.97278
2, 749.47, 10.9291, 8588886016, 674357459, 674371921, 2.66261
3, 803.347, 10.1961, 8588886016, 687528175, 686642245, 2.75533
4, 786.1, 10.4198, 8588886016, 712043547, 712609318, 3.08054
5, 796.744, 10.2806, 8588886016, 735694996, 735066470, 4.23608
6, 795.067, 10.3023, 8588886016, 760515855, 760598722, 4.52683
7, 774.31, 10.5785, 8588886016, 797790552, 794953379, 5.2119
8, 807.237, 10.147, 8588886016, 812080917, 811614180, 3.49611
9, 766.076, 10.6921, 8588886016, 854194308, 853824435, 5.15763
10, 781.401, 10.4825, 8588886016, 883565198, 881849064, 5.80834
11, 748.994, 10.936, 8588886016, 895248344, 894749985, 4.59078
12, 787.191, 10.4053, 8588886016, 931107680, 929808029, 4.52243
13, 758.576, 10.7979, 8588886016, 965552836, 964655180, 6.41726
14, 775.141, 10.5671, 8588886016, 994874616, 992428795, 6.7441
15, 746.516, 10.9723, 8588886016, 1036948260, 1036137502, 7.08309
16, 720.998, 11.3606, 8588886016, 1070212302, 1068446366, 6.81617
17, 785.924, 10.4221, 8588886016, 1095484514, 1094070787, 7.71806
18, 786.546, 10.4139, 8588886016, 1118593927, 1118266780, 6.08101
19, 757.746, 10.8097, 8588886016, 1162621800, 1161186879, 9.05723
20, 780.372, 10.4963, 8588886016, 1191022925, 1188441240, 8.02317
21, 739.598, 11.0749, 8588886016, 1223649293, 1223227687, 8.78754
22, 769.918, 10.6388, 8588886016, 1256658327, 1255548941, 8.04533
23, 777.234, 10.5386, 8588886016, 1282756576, 1281808182, 8.54803
24, 772.313, 10.6058, 8588886016, 1309614184, 1307643527, 9.59324
25, 743.31, 11.0196, 8588886016, 1363945678, 1363111229, 11.0244
26, 766.761, 10.6826, 8588886016, 1396490853, 1393693555, 9.77609
27, 769.729, 10.6414, 8588886016, 1425386154, 1425016165, 10.9321
28, 753.55, 10.8699, 8588886016, 1467947108, 1464997417, 11.7872
29, 719.947, 11.3772, 8588886016, 1506207091, 1504518479, 10.9299
