Backup ID, Ecall, Inline_Ocall, Offline_Ocall, _Inline_FPOcall, _Inline_SFOcall, _Inline_LocalOcall, _Inline_LoadOcall, _Inline_DeltaOcall, _Inline_RecipeOcall, _Inline_Write_ContainerOcall, _inline_have_similar_chunk_num, _inline_need_load_container_num
0,4681,8511,66330,1132,1132,60,984,4619,584,157,6490,1273,
1,9361,14501,98931,1456,1456,71,1064,9286,1168,165,7687,1637,
2,14039,20755,141235,1892,1892,86,1186,13947,1752,173,9740,2220,
3,18716,26589,185264,2143,2143,107,1259,18601,2336,177,10823,2605,
4,23390,32541,233769,2444,2444,124,1354,23256,2919,185,11903,3012,
5,28063,38444,296740,2722,2722,160,1447,27891,3502,192,13002,3451,
6,32735,44439,365922,3041,3041,199,1551,32522,4085,200,14167,3946,
7,37404,50551,442853,3386,3386,251,1723,37137,4668,211,15598,4537,
8,42072,56276,495569,3583,3583,270,1805,41784,5251,217,16272,4855,
9,46738,62442,579132,3971,3971,330,1949,46388,5833,229,17717,5505,
10,51402,68492,672154,4307,4307,392,2083,50988,6415,238,19277,6186,
11,56065,74212,741294,4500,4500,414,2174,55627,6997,243,19876,6507,
12,60724,79989,803264,4732,4732,434,2248,60264,7579,253,20453,6791,
13,65381,86060,907824,5078,5078,508,2391,64845,8160,263,22006,7487,
14,70035,92227,1021634,5478,5478,570,2525,69435,8741,272,23437,8154,
15,74693,98357,1137672,5855,5855,641,2664,74020,9322,284,24921,8874,
16,79348,104555,1244999,6255,6255,699,2828,78615,9903,294,26269,9541,
17,84002,110669,1368090,6625,6625,762,2969,83204,10484,302,27567,10183,
18,88655,116673,1463623,6951,6951,797,3089,87820,11065,309,28412,10645,
19,93308,123007,1601948,7411,7411,877,3271,92391,11646,321,30118,11516,
20,97962,129133,1726369,7787,7787,939,3412,96981,12227,330,31256,12150,
21,102619,135398,1857418,8218,8218,1005,3579,101570,12808,340,32706,12923,
22,107280,141651,1980965,8639,8639,1055,3749,106179,13390,350,33851,13591,
23,111943,147832,2106737,9032,9032,1115,3901,110780,13972,358,34976,14245,
24,116609,154030,2247196,9425,9425,1189,4067,115370,14554,366,36238,14950,
25,121270,160448,2401349,9914,9914,1278,4266,119940,15136,381,38048,15866,
26,125932,166739,2540842,10339,10339,1341,4465,124537,15718,391,39263,16589,
27,130597,173035,2690380,10775,10775,1422,4644,129119,16300,400,40621,17371,
28,135267,179391,2856681,11237,11237,1513,4825,133696,16883,412,42185,18271,
29,139942,185836,3005786,11736,11736,1581,5015,138301,17467,423,43732,19116,
