Backup ID, Logical chunk num, Unique chunk num, Base chunk num, Delta chunk num, Logical chunk size, Unique chunk size, Base chunk size, Delta chunk size, LZ4_save size, Delta_save size, 
0,598895,116850,111714,5136,8588886016,1011643262,610226489,6370827,348293207,46752739
1,1197560,122453,116122,6331,17177772032,1068656652,637468315,8701705,363112258,59374374
2,1796008,129193,120805,8388,25766658048,1140428135,663270697,12277441,383426329,81453668
3,2394289,132218,122760,9458,34355544064,1173572215,673867796,14539187,392526786,92638446
4,2992254,137183,126645,10538,42944430080,1224739981,697037585,16562012,407422509,103717875
5,3590141,141681,130048,11633,51533316096,1271368575,717305751,19117278,419999018,114946528
6,4187832,146604,133815,12789,60122202112,1321553168,739728418,21240333,433498682,127085735
7,4785201,153531,139326,14205,68711088128,1393256484,772936210,23056464,454805096,142458714
8,5382415,156743,141877,14866,77299974144,1426507946,788291106,24221513,464658566,149336761
9,5979346,164425,148234,16191,85888860160,1503145723,827024201,28063488,486665795,161392239
10,6576018,170688,152963,17725,94477746176,1570301913,852496676,30695571,509795804,177313862
11,7172565,173447,155131,18316,103066632192,1599181413,864168936,31653701,520094047,183264729
12,7768591,179273,160392,18881,111655518208,1655302694,898989584,33308438,535037808,187966864
13,8364315,186287,165872,20415,120244404224,1728219472,930157882,36841927,558386677,202832986
14,8959750,192236,170408,21828,128833290240,1791024047,955788385,39555969,578719130,216960563
15,9555592,200085,176833,23252,137422176256,1869703930,995994990,43104435,600092507,230511998
16,10151063,206500,181950,24550,146011062272,1936214316,1026069853,44804805,620838508,244501150
17,10746509,211749,185936,25813,154599948288,1990916616,1049203645,50608860,637262641,253841470
18,11341783,216232,189599,26633,163188834304,2036541023,1071335550,49945441,651173443,264086589
19,11937069,224744,196440,28304,171777720320,2125378546,1110674444,52260054,680558631,281885417
20,12532503,230313,200894,29419,180366606336,2183767775,1137037074,54835176,698687611,293207914
21,13128330,236831,206006,30825,188955492352,2252007329,1168259168,58320071,718644959,306783131
22,13724614,242852,210911,31941,197544378368,2314349175,1198386109,58846585,737194005,319922476
23,14321201,248008,214969,33039,206133264384,2367327048,1222443297,61853348,753046223,329984180
24,14918079,253296,219015,34281,214722150400,2422851705,1246191652,64110590,769536104,343013359
25,15514344,263864,227796,36068,223311036416,2532991177,1296729994,67972918,808513026,359775239
26,16110797,270198,232947,37251,231899922432,2599455402,1326586854,70742169,831038533,371087846
27,16707645,276189,237607,38582,240488808448,2662676451,1354173537,72797440,850387606,385317868
28,17305024,284120,244012,40108,249077694464,2744938978,1392111009,75967354,876038624,400821991
29,17903139,291725,250092,41633,257666580480,2824004350,1428802645,78607617,900016025,416578063
