Backup ID, FPindex, SFindex, Deltaindex
0,9348000,21212032,223808
1,9796240,22058304,285632
2,10335440,22957120,388928
3,10577440,23331456,437184
4,10974640,24077312,487072
5,11334480,24729920,535616
6,11728320,25452736,586048
7,12282480,26510144,649632
8,12539440,26999680,679360
9,13154000,28210944,737216
10,13655040,29116608,804256
11,13875760,29532800,830272
12,14341840,30542336,854400
13,14902960,31593984,922560
14,15378880,32464512,984448
15,16006800,33694784,1047104
16,16520000,34675200,1105024
17,16939920,35440128,1159424
18,17298560,36143296,1196128
19,17979520,37455232,1267840
20,18425040,38310080,1317056
21,18946480,39290816,1377248
22,19428160,40232000,1427040
23,19840640,41010368,1474816
24,20263680,41785856,1529984
25,21109120,43470848,1605376
26,21615840,44459584,1656256
27,22095120,45353408,1713152
28,22729600,46582400,1779488
29,23338000,47749056,1846048
