Backup ID, Online Delta_save, Offline Delta_save, Offline delta time, Offline dedelta time, Offline delete time, Offline Delta chunk num
0,45933374,819365,96,9,11,87
1,58555009,819365,96,9,11,87
2,79804665,1649003,1939,1805,28,134
3,90989443,1649003,1939,1805,28,134
4,102068872,1649003,1939,1805,28,134
5,111982826,2963702,5941,5647,63,294
6,122502982,4582753,10363,9930,101,433
7,136081929,6376785,14524,14027,128,497
8,142649124,6687637,17273,16751,153,522
9,154238822,7153417,22868,22157,200,711
10,165538710,11775152,29222,28133,279,1089
11,170866525,12398204,34187,33053,312,1134
12,175322457,12644407,39323,38117,356,1206
13,186427719,16405267,46750,45133,440,1617
14,196924859,20035704,54546,52594,516,1952
15,207819202,22692796,62862,60594,614,2268
16,218463089,26038061,69355,66845,699,2510
17,227834980,26006490,76108,73277,805,2831
18,234935275,29151314,82538,79631,860,2907
19,247694332,34191085,90522,87262,967,3260
20,257341530,35866384,98406,94946,1058,3460
21,268613680,38169451,106922,103171,1182,3751
22,277980615,41941861,115408,111434,1286,3974
23,286880125,43104055,122406,118231,1383,4175
24,296102560,46910799,134277,129759,1514,4518
25,307838956,51936283,145125,140110,1669,5015
26,317234877,53852969,155429,150184,1768,5245
27,327644080,57673788,166356,160806,1892,5550
28,339583781,61238210,180477,174566,2052,5911
29,352205620,64372443,192622,186427,2178,6195
