BackupID, OnlineSpeed(MB/s), Encalve ProcessTime(s), BackupSize, OnlineSize, OfflineSize, OfflineTime(s)
0, 436.32, 18.7729, 8588886016, 616987217, 616597316, 0.348411
1, 722.13, 11.3428, 8588886016, 646170020, 646170020, 0.001084
2, 700.252, 11.6972, 8588886016, 675814018, 675548138, 1.61137
3, 795.016, 10.3029, 8588886016, 688406983, 688406983, 0.001112
4, 772.336, 10.6055, 8588886016, 713599597, 713599597, 0.001153
5, 780.406, 10.4958, 8588886016, 736148824, 736423029, 3.198
6, 780.926, 10.4888, 8588886016, 761274118, 760968751, 3.62226
7, 752.836, 10.8802, 8588886016, 797160984, 795992674, 3.36182
8, 801.137, 10.2242, 8588886016, 812586454, 812512619, 2.10247
9, 660.677, 12.3979, 8588886016, 853828590, 855087689, 4.47505
10, 771.404, 10.6183, 8588886016, 884219211, 883192247, 5.52878
11, 799.698, 10.2426, 8588886016, 896113806, 895822637, 3.83528
12, 730.996, 11.2053, 8588886016, 931862448, 932298022, 4.07896
13, 769.497, 10.6446, 8588886016, 966859512, 966999809, 6.25243
14, 762.223, 10.7462, 8588886016, 996189991, 995344354, 6.50641
15, 733.576, 11.1659, 8588886016, 1038952379, 1039099425, 6.99497
16, 753.176, 10.8753, 8588886016, 1072354638, 1070874658, 5.43268
17, 684.675, 11.9633, 8588886016, 1097110669, 1099812505, 5.89886
18, 754.363, 10.8582, 8588886016, 1123793878, 1121280991, 5.15734
19, 664.693, 12.323, 8588886016, 1164847598, 1162934498, 6.61468
20, 750.32, 10.9167, 8588886016, 1191873004, 1191872250, 6.40694
21, 713.482, 11.4803, 8588886016, 1226433056, 1226579239, 7.10218
22, 756.116, 10.833, 8588886016, 1259185680, 1257232694, 6.84021
23, 739.777, 11.0723, 8588886016, 1283808079, 1284296645, 5.63135
24, 707.228, 11.5818, 8588886016, 1310978631, 1310302242, 9.38371
25, 596.041, 13.7423, 8588886016, 1365432914, 1364702912, 9.54812
26, 695.968, 11.7692, 8588886016, 1397334247, 1397329023, 8.65322
27, 746.823, 10.9678, 8588886016, 1427985722, 1426970977, 9.0529
28, 685.827, 11.9432, 8588886016, 1468668358, 1468078363, 11.9571
29, 697.17, 11.7489, 8588886016, 1508067908, 1507410262, 9.72188
