Backup ID, Ecall, Inline_Ocall, Offline_Ocall, _Inline_FPOcall, _Inline_SFOcall, _Inline_LocalOcall, _Inline_LoadOcall, _Inline_DeltaOcall, _Inline_RecipeOcall, _Inline_Write_ContainerOcall, _inline_have_similar_chunk_num, _inline_need_load_container_num
0,4681,8628,12797,1132,1132,2,1101,4677,584,156,6489,1268,
1,9361,14644,12802,1456,1456,2,1207,9355,1168,164,7685,1625,
2,14039,20929,35979,1892,1892,4,1360,14029,1752,173,9742,2222,
3,18716,26800,35984,2143,2143,4,1470,18704,2336,177,10821,2622,
4,23390,32783,35989,2444,2444,4,1596,23376,2919,184,11901,3049,
5,28063,38728,78857,2722,2722,10,1731,28041,3502,191,12997,3493,
6,32735,44772,122994,3041,3041,15,1884,32706,4085,198,14153,4009,
7,37404,50884,156551,3386,3386,17,2056,37371,4668,208,15574,4602,
8,42072,56637,184794,3583,3583,18,2166,42036,5251,213,16235,4923,
9,46738,62864,237160,3971,3971,25,2371,46693,5833,224,17652,5570,
10,51402,68983,310521,4307,4307,41,2574,51339,6415,232,19191,6259,
11,56065,74728,349947,4500,4500,43,2690,55998,6997,236,19782,6561,
12,60724,80543,396894,4732,4732,47,2802,60651,7579,246,20348,6864,
13,65381,86689,477616,5078,5078,63,3020,65290,8160,256,21882,7555,
14,70035,92948,551099,5478,5478,76,3246,69929,8741,264,23295,8261,
15,74693,99215,642893,5855,5855,94,3522,74567,9322,276,24742,9022,
16,79348,105516,719632,6255,6255,104,3789,79210,9903,285,26068,9718,
17,84002,111744,810879,6625,6625,121,4044,83845,10484,293,27331,10396,
18,88655,117825,869590,6951,6951,126,4241,88491,11065,300,28152,10884,
19,93308,124313,963366,7411,7411,142,4577,93126,11646,312,29824,11801,
20,97962,130561,1046398,7787,7787,154,4840,97766,12227,320,30941,12443,
21,102619,136956,1151700,8218,8218,169,5137,102406,12808,330,32347,13225,
22,107280,143312,1245224,8639,8639,181,5410,107053,13390,339,33463,13912,
23,111943,149619,1328286,9032,9032,194,5688,111701,13972,347,34566,14588,
24,116609,155974,1448993,9425,9425,214,6011,116345,14554,355,35808,15332,
25,121270,162547,1580855,9914,9914,241,6365,120977,15136,370,37597,16292,
26,125932,168984,1674249,10339,10339,255,6710,125623,15718,379,38780,17025,
27,130597,175462,1783463,10775,10775,271,7071,130270,16300,388,40112,17824,
28,135267,182018,1929026,11237,11237,295,7452,134914,16883,399,41641,18757,
29,139942,188646,2045071,11736,11736,310,7825,139572,17467,410,43166,19622,
