Backup ID, Logical chunk num, Unique chunk num, Base chunk num, Delta chunk num, Logical chunk size, Unique chunk size, Base chunk size, Delta chunk size, LZ4_save size, Delta_save size, 
0,598895,116850,111893,4957,8588886016,1011643262,611170032,6249448,349295354,44928428
1,1197560,122453,116301,6152,17177772032,1068656652,638411858,8580326,364114405,57550063
2,1796008,129193,120984,8209,25766658048,1140428135,664210685,12440281,384423672,79353497
3,2394289,132218,122930,9288,34355544064,1173572215,674759028,14757712,393466153,90589322
4,2992254,137183,126815,10368,42944430080,1224739981,697928817,16822475,408361876,101626813
5,3590141,141681,130217,11464,51533316096,1271368575,718166750,19073939,420933629,113194257
6,4187832,146604,133985,12619,60122202112,1321553168,740603352,21432151,434455332,125062333
7,4785201,153531,139490,14041,68711088128,1393256484,773784983,23708062,455684181,140079258
8,5382415,156743,142042,14701,77299974144,1426507946,789150769,24956528,465523201,146877448
9,5979346,164425,148309,16116,85888860160,1503145723,827658774,27572346,486601188,161313415
10,6576018,170688,153057,17631,94477746176,1570301913,853152976,30785033,509954918,176408986
11,7172565,173447,155225,18222,103066632192,1599181413,864827875,31971714,520263903,182117921
12,7768591,179273,160485,18788,111655518208,1655302694,899641704,33205553,535195485,187259952
13,8364315,186287,165982,20305,120244404224,1728219472,930887059,36424221,558696854,202211338
14,8959750,192236,170525,21711,128833290240,1791024047,956519770,40161667,579211829,215130781
15,9555592,200085,176927,23158,137422176256,1869703930,996639878,42891970,600397913,229774169
16,10151063,206500,182018,24482,146011062272,1936214316,1026616546,45592157,621067881,242937732
17,10746509,211749,186020,25729,154599948288,1990916616,1049762750,48239581,637643056,255271229
18,11341783,216232,189684,26548,163188834304,2036541023,1071897411,49331926,651581287,263730399
19,11937069,224744,196595,28149,171777720320,2125378546,1111527224,52262521,681359635,280229166
20,12532503,230313,201065,29248,180366606336,2183767775,1137902073,54342519,699679351,291843832
21,13128330,236831,206184,30647,188955492352,2252007329,1169156552,58885993,719652915,304311869
22,13724614,242852,211093,31759,197544378368,2314349175,1199295784,60613401,738252452,316187538
23,14321201,248008,215149,32859,206133264384,2367327048,1223326504,62732174,754136432,327131938
24,14918079,253296,219216,34080,214722150400,2422851705,1247106468,66337200,770796829,338611208
25,15514344,263864,228037,35827,223311036416,2532991177,1297731364,69092813,810198976,355968024
26,16110797,270198,233207,36991,231899922432,2599455402,1327674744,71976689,832889166,366914803
27,16707645,276189,237881,38308,240488808448,2662676451,1355324322,74411470,852370312,380570347
28,17305024,284120,244299,39821,249077694464,2744938978,1393302606,77154876,878159139,396322357
29,17903139,291725,250404,41321,257666580480,2824004350,1430089433,79241767,902417069,412256081
