Backup ID, FPindex, SFindex, Deltaindex
0,9348000,21220928,217984
1,9796240,22067200,279776
2,10335440,22966144,383072
3,10577440,23339776,431840
4,10974640,24085632,481728
5,11334480,24738752,530304
6,11728320,25462208,580672
7,12282480,26518784,644544
8,12539440,27008576,674176
9,13154000,28211648,735072
10,13655040,29121280,801152
11,13875760,29537536,827200
12,14341840,30547456,851168
13,14902960,31602816,918784
14,15378880,32474624,980672
15,16006800,33703424,1044256
16,16520000,34680768,1103104
17,16939920,35449152,1156832
18,17298560,36152640,1193664
19,17979520,37475328,1262912
20,18425040,38332736,1311808
21,18946480,39315456,1372032
22,19428160,40257792,1421952
23,19840640,41036544,1469792
24,20263680,41817216,1524320
25,21109120,43508928,1598752
26,21615840,44501184,1649184
27,22095120,45398400,1705952
28,22729600,46630272,1771968
29,23338000,47802112,1838112
