Backup ID, Online Delta_save, Offline Delta_save, Offline delta time, Offline dedelta time, Offline delete time, Offline Delta chunk num
0,44928428,0,0,0,0,0
1,57550063,0,0,0,0,0
2,79353497,0,0,0,0,0
3,90589322,0,0,0,0,0
4,101626813,0,0,0,0,0
5,113194257,0,0,0,0,0
6,125062333,0,0,0,0,0
7,138829658,1249600,2716,2676,23,40
8,145627848,1249600,2716,2676,23,40
9,159299820,2013595,7290,7199,50,91
10,174395391,2013595,7290,7199,50,91
11,180104326,2013595,7290,7199,50,91
12,185246357,2013595,7290,7199,50,91
13,199704646,2506692,12121,11980,85,141
14,212700640,2430141,18392,18173,133,219
15,226449155,3325014,23984,23716,179,268
16,239612718,3325014,23984,23716,179,268
17,251946215,3325014,23984,23716,179,268
18,259740692,3989707,28115,27834,213,281
19,273991357,6237809,35159,34701,285,458
20,285606023,6237809,35159,34701,285,458
21,298975343,5336526,45435,44906,354,529
22,309932422,6255116,50373,49785,401,588
23,320530162,6601776,58625,58026,446,599
24,332741586,5869622,63887,63246,486,641
25,347443797,8524227,73609,72807,578,802
26,358476544,8438259,82202,81359,623,843
27,371056306,9514041,91718,90806,700,912
28,385573417,10748940,101700,100709,764,991
29,400321057,11935024,114672,113644,824,1028
