BackupID, OnlineSpeed(MB/s), Encalve ProcessTime(s), BackupSize, OnlineSize, OfflineSize, OfflineTime(s)
0, 442.343, 18.5173, 8588886016, 617419480, 617419480, 0.001081
1, 786.412, 10.4157, 8588886016, 646992184, 646992184, 0.001093
2, 756.35, 10.8296, 8588886016, 676650966, 676650966, 0.001098
3, 798.645, 10.2561, 8588886016, 689516740, 689516740, 0.001117
4, 769.016, 10.6513, 8588886016, 714751292, 714751292, 0.001132
5, 781.696, 10.4785, 8588886016, 737240689, 737240689, 0.001193
6, 780.887, 10.4894, 8588886016, 762035503, 762035503, 0.001225
7, 751.683, 10.8969, 8588886016, 798337851, 797493045, 2.15998
8, 796.851, 10.2792, 8588886016, 814107297, 814107297, 0.00128
9, 751.399, 10.901, 8588886016, 855583582, 855231120, 3.30427
10, 703.159, 11.6489, 8588886016, 883938009, 883938009, 0.001377
11, 795.58, 10.2956, 8588886016, 896799589, 896799589, 0.001486
12, 753.785, 10.8665, 8588886016, 932847257, 932847257, 0.00147
13, 750.743, 10.9105, 8588886016, 967321201, 967311280, 3.46243
14, 759.497, 10.7848, 8588886016, 995870446, 996681437, 4.72925
15, 747.57, 10.9568, 8588886016, 1039942085, 1039531848, 4.18869
16, 728.117, 11.2496, 8588886016, 1072208703, 1072208703, 0.001696
17, 710.662, 11.5259, 8588886016, 1098002331, 1098002331, 0.001709
18, 778.732, 10.5184, 8588886016, 1121742951, 1121229337, 3.14443
19, 731.354, 11.1998, 8588886016, 1164579706, 1163789745, 5.68881
20, 740.448, 11.0622, 8588886016, 1192244592, 1192244592, 0.001867
21, 721.755, 11.3487, 8588886016, 1226512145, 1228042545, 7.58362
22, 740.367, 11.0634, 8588886016, 1260383688, 1259909185, 3.8842
23, 740.682, 11.0587, 8588886016, 1286314297, 1286058678, 5.93642
24, 742.955, 11.0249, 8588886016, 1312247032, 1313443668, 3.97896
25, 697.256, 11.7475, 8588886016, 1368007814, 1366824177, 7.50687
26, 732.021, 11.1896, 8588886016, 1399307880, 1399651433, 6.07862
27, 705.798, 11.6053, 8588886016, 1430225007, 1429735792, 7.31568
28, 724.395, 11.3074, 8588886016, 1470931235, 1470457482, 7.53818
29, 699.436, 11.7109, 8588886016, 1510172572, 1509331200, 9.36613
