Backup ID, Ecall, Inline_Ocall, Offline_Ocall, _Inline_FPOcall, _Inline_SFOcall, _Inline_LocalOcall, _Inline_LoadOcall, _Inline_DeltaOcall, _Inline_RecipeOcall, _Inline_Write_ContainerOcall, _inline_have_similar_chunk_num, _inline_need_load_container_num
0,4681,8650,5,1132,1132,0,1123,4679,584,156,6505,1269,
1,9361,14664,10,1456,1456,0,1227,9357,1168,164,7701,1630,
2,14039,20963,15,1892,1892,0,1394,14033,1752,173,9758,2237,
3,18716,26837,20,2143,2143,0,1507,18708,2336,177,10837,2643,
4,23390,32824,25,2444,2444,0,1637,23380,2919,184,11917,3070,
5,28063,38789,30,2722,2722,0,1792,28051,3502,191,13014,3516,
6,32735,44874,35,3041,3041,0,1986,32721,4085,198,14169,4052,
7,37404,51026,31800,3386,3386,1,2198,37387,4668,208,15593,4678,
8,42072,56796,31805,3583,3583,1,2325,42053,5251,213,16254,5009,
9,46738,63072,72001,3971,3971,2,2579,46716,5833,224,17669,5675,
10,51402,69268,72006,4307,4307,2,2859,51378,6415,232,19203,6373,
11,56065,75038,72011,4500,4500,2,3000,56039,6997,236,19794,6698,
12,60724,80875,72016,4732,4732,2,3134,60696,7579,246,20360,7005,
13,65381,87105,115532,5078,5078,3,3436,65350,8160,255,21877,7707,
14,70035,93429,173028,5478,5478,5,3727,70000,8741,263,23284,8441,
15,74693,99726,227658,5855,5855,7,4033,74654,9322,275,24732,9213,
16,79348,106031,227663,6255,6255,7,4304,79307,9903,284,26057,9892,
17,84002,112287,227668,6625,6625,7,4587,83959,10484,291,27304,10552,
18,88655,118365,268305,6951,6951,8,4781,88609,11065,298,28123,11040,
19,93308,124911,345760,7411,7411,14,5175,93254,11646,310,29772,11984,
20,97962,131227,345765,7787,7787,14,5506,97906,12227,318,30879,12639,
21,102619,137704,431463,8218,8218,17,5885,102558,12808,327,32278,13457,
22,107280,144156,482216,8639,8639,19,6254,107215,13390,336,33390,14184,
23,111943,150566,541020,9032,9032,20,6635,111875,13972,344,34490,14876,
24,116609,157020,588472,9425,9425,21,7057,116538,14554,351,35711,15641,
25,121270,163770,683422,9914,9914,26,7588,121192,15136,365,37473,16652,
26,125932,170277,742940,10339,10339,28,8003,125850,15718,374,38642,17402,
27,130597,176825,828449,10775,10775,31,8434,130510,16300,382,39959,18218,
28,135267,183547,908539,11237,11237,34,8981,135175,16883,393,41472,19182,
29,139942,190313,996898,11736,11736,36,9492,139846,17467,404,42973,20105,
