Backup ID, Logical chunk num, Unique chunk num, Base chunk num, Delta chunk num, Logical chunk size, Unique chunk size, Base chunk size, Delta chunk size, LZ4_save size, Delta_save size, 
0,598895,116850,113287,3563,8588886016,1011643262,615933145,4474752,358687748,32547617
1,1197560,122453,117903,4550,17177772032,1068656652,643841272,6377063,375662707,42775610
2,1796008,129193,122866,6327,25766658048,1140428135,670426216,9467299,398771311,61763309
3,2394289,132218,125098,7120,34355544064,1173572215,681882847,11166922,410694098,69828348
4,2992254,137183,129248,7935,42944430080,1224739981,705849311,12601760,428064646,78224264
5,3590141,141681,133264,8417,51533316096,1271368575,728096464,13448975,446502053,83321083
6,4187832,146604,137659,8945,60122202112,1321553168,752661288,14356819,465709700,88825361
7,4785201,153531,143786,9745,68711088128,1393256484,788277055,15983464,492223963,96772002
8,5382415,156743,146571,10172,77299974144,1426507946,804659788,16781729,503927899,101138530
9,5979346,164425,153620,10805,85888860160,1503145723,845918283,18076386,531846803,107304251
10,6576018,170688,159266,11422,94477746176,1570301913,874522838,19268915,563172615,113337545
11,7172565,173447,161702,11745,103066632192,1599181413,887320616,19875126,575565239,116420432
12,7768591,179273,167156,12117,111655518208,1655302694,922817948,20736422,592250125,119498199
13,8364315,186287,173687,12600,120244404224,1728219472,957748468,21550709,624762124,124158171
14,8959750,192236,179033,13203,128833290240,1791024047,986680981,22792698,651681853,129868515
15,9555592,200085,186254,13831,137422176256,1869703930,1029935019,24064069,679926089,135778753
16,10151063,206500,192037,14463,146011062272,1936214316,1062820585,25238564,706142579,142012588
17,10746509,211749,196806,14943,154599948288,1990916616,1088891939,26217792,729207862,146599023
18,11341783,216232,200807,15425,163188834304,2036541023,1112409145,27183762,745931602,151016514
19,11937069,224744,208663,16081,171777720320,2125378546,1155591357,28403646,784104924,157278619
20,12532503,230313,213744,16569,180366606336,2183767775,1184617320,29247694,807501189,162401572
21,13128330,236831,219636,17195,188955492352,2252007329,1218690515,30360208,834061619,168894987
22,13724614,242852,225079,17773,197544378368,2314349175,1251126683,31356146,856925087,174941259
23,14321201,248008,229725,18283,206133264384,2367327048,1277314856,32379070,877658480,179974642
24,14918079,253296,234553,18743,214722150400,2422851705,1304330423,33215427,900685854,184620001
25,15514344,263864,244362,19502,223311036416,2532991177,1358898200,34913698,948483579,190695700
26,16110797,270198,250126,20072,231899922432,2599455402,1391173217,36019361,976227900,196034924
27,16707645,276189,255564,20625,240488808448,2662676451,1421777763,37112932,1002277649,201508107
28,17305024,284120,262813,21307,249077694464,2744938978,1463458855,38333691,1034895264,208251168
29,17903139,291725,269647,22078,257666580480,2824004350,1503263428,39712235,1065170341,215858346
