Backup ID, FPindex, SFindex, Deltaindex
0,9348000,21202752,90336
1,9796240,22048128,130848
2,10335440,22946944,202432
3,10577440,23319488,227392
4,10974640,24064448,253568
5,11334480,24715648,265280
6,11728320,25436864,277312
7,12282480,26490944,300608
8,12539440,26978944,314240
9,13154000,28175616,328224
10,13655040,29077440,342336
11,13875760,29492032,351488
12,14341840,30499776,360672
13,14902960,31547200,372320
14,15378880,32411840,385376
15,16006800,33632448,399968
16,16520000,34603584,417952
17,16939920,35361856,427648
18,17298560,36060736,441664
19,17979520,37364864,458400
20,18425040,38215168,468320
21,18946480,39187264,484800
22,19428160,40122688,503360
23,19840640,40895616,517344
24,20263680,41667520,528288
25,21109120,43349376,540896
26,21615840,44331968,555392
27,22095120,45220032,569856
28,22729600,46441152,587616
29,23338000,47602944,610464
