BackupID, OnlineSpeed(MB/s), Encalve ProcessTime(s), BackupSize, OnlineSize, OfflineSize, OfflineTime(s)
0, 452.069, 18.1189, 8588886016, 620407897, 620407897, 0.048806
1, 788.039, 10.3942, 8588886016, 650218335, 650218335, 0.007052
2, 720.625, 11.3665, 8588886016, 679893515, 679893515, 0.008911
3, 756.37, 10.8294, 8588886016, 693049769, 693049769, 0.009317
4, 696.706, 11.7567, 8588886016, 718451071, 718451071, 0.008993
5, 745.851, 10.9821, 8588886016, 741545439, 741545439, 0.018555
6, 738.363, 11.0935, 8588886016, 767018107, 767018107, 0.019171
7, 745.825, 10.9825, 8588886016, 804260519, 804260519, 0.019359
8, 797.794, 10.2671, 8588886016, 821441517, 821441517, 0.009061
9, 739.017, 11.0836, 8588886016, 863994669, 863994669, 0.024608
10, 727.455, 11.2598, 8588886016, 893791753, 893791753, 0.027916
11, 769.406, 10.6459, 8588886016, 907195742, 907195742, 0.009337
12, 790.803, 10.3578, 8588886016, 943554370, 943554370, 0.007556
13, 728.759, 11.2396, 8588886016, 979299177, 979299177, 0.035206
14, 770.829, 10.6262, 8588886016, 1009473679, 1009473679, 0.025581
15, 701.571, 11.6752, 8588886016, 1053999088, 1053999088, 0.028152
16, 730.407, 11.2143, 8588886016, 1088059149, 1088059149, 0.022298
17, 778.496, 10.5216, 8588886016, 1115109731, 1115109731, 0.025136
18, 762.658, 10.7401, 8588886016, 1139592907, 1139592907, 0.012288
19, 717.948, 11.4089, 8588886016, 1183995003, 1183995003, 0.031399
20, 726.715, 11.2713, 8588886016, 1213865014, 1213865014, 0.020382
21, 751.092, 10.9055, 8588886016, 1249050723, 1249050723, 0.025134
22, 745.084, 10.9934, 8588886016, 1282482829, 1282482829, 0.018248
23, 773.671, 10.5872, 8588886016, 1309693926, 1309693926, 0.01997
24, 776.241, 10.5521, 8588886016, 1337545850, 1337545850, 0.025132
25, 685.584, 11.9475, 8588886016, 1393811898, 1393811898, 0.031497
26, 705.095, 11.6169, 8588886016, 1427192578, 1427192578, 0.020855
27, 732.083, 11.1886, 8588886016, 1458890695, 1458890695, 0.025333
28, 751.445, 10.9003, 8588886016, 1501792546, 1501792546, 0.027643
29, 743.948, 11.0102, 8588886016, 1542975663, 1542975663, 0.02475
