Backup ID, Ecall, Inline_Ocall, Offline_Ocall, _Inline_FPOcall, _Inline_SFOcall, _Inline_LocalOcall, _Inline_LoadOcall, _Inline_DeltaOcall, _Inline_RecipeOcall, _Inline_Write_ContainerOcall, _inline_have_similar_chunk_num, _inline_need_load_container_num
0,4681,8510,1744,1132,1132,60,983,4619,584,157,6490,1273,
1,9361,14500,1962,1456,1456,71,1063,9286,1168,165,7687,1637,
2,14039,20754,2245,1892,1892,85,1185,13948,1752,173,9742,2218,
3,18716,26588,2543,2143,2143,106,1258,18602,2336,177,10825,2603,
4,23390,32540,2816,2444,2444,123,1353,23257,2919,185,11905,3010,
5,28063,38442,3441,2722,2722,160,1445,27891,3502,192,13002,3450,
6,32735,44438,4086,3041,3041,203,1550,32518,4085,200,14163,3963,
7,37404,50504,4730,3386,3386,247,1676,37141,4668,210,15597,4532,
8,42072,56229,4980,3583,3583,270,1758,41784,5251,216,16267,4857,
9,46738,62394,5807,3971,3971,330,1901,46388,5833,228,17713,5505,
10,51402,68441,6764,4307,4307,394,2032,50986,6415,237,19272,6189,
11,56065,74161,7042,4500,4500,417,2123,55624,6997,242,19872,6512,
12,60724,79938,7254,4732,4732,437,2197,60261,7579,252,20450,6795,
13,65381,86010,8342,5078,5078,511,2341,64842,8160,262,22005,7494,
14,70035,92180,9191,5478,5478,572,2478,69433,8741,271,23443,8163,
15,74693,98309,10059,5855,5855,644,2616,74017,9322,283,24925,8885,
16,79348,104513,10790,6255,6255,700,2786,78614,9903,293,26275,9553,
17,84002,110624,11621,6625,6625,765,2924,83201,10484,301,27572,10198,
18,88655,116626,11991,6951,6951,801,3042,87816,11065,308,28415,10660,
19,93308,122959,13057,7411,7411,882,3223,92386,11646,320,30121,11539,
20,97962,129085,13717,7787,7787,945,3364,96975,12227,329,31259,12175,
21,102619,135352,14552,8218,8218,1012,3533,101563,12808,339,32706,12958,
22,107280,141601,15131,8639,8639,1063,3699,106171,13390,349,33852,13629,
23,111943,147780,15760,9032,9032,1124,3849,110771,13972,357,34979,14284,
24,116609,153973,16575,9425,9425,1200,4010,115359,14554,365,36240,14991,
25,121270,160392,17628,9914,9914,1288,4210,119930,15136,380,38049,15906,
26,125932,166684,18282,10339,10339,1351,4410,124527,15718,390,39261,16629,
27,130597,172979,19101,10775,10775,1430,4588,129111,16300,399,40619,17404,
28,135267,179336,19997,11237,11237,1519,4770,133690,16883,411,42183,18303,
29,139942,185781,20788,11736,11736,1587,4960,138295,17467,422,43732,19142,
