Backup ID, Logical chunk num, Unique chunk num, Base chunk num, Delta chunk num, Logical chunk size, Unique chunk size, Base chunk size, Delta chunk size, LZ4_save size, Delta_save size, 
0,598895,116850,111894,4956,8588886016,1011643262,611195593,6255666,349175184,45016819
1,1197560,122453,116302,6151,17177772032,1068656652,638437419,8586544,363994235,57638454
2,1796008,129193,120985,8208,25766658048,1140428135,664236246,12446499,384303502,79441888
3,2394289,132218,122931,9287,34355544064,1173572215,674784589,14763930,393345983,90677713
4,2992254,137183,126816,10367,42944430080,1224739981,697954378,16828693,408241706,101715204
5,3590141,141681,130218,11463,51533316096,1271368575,718192311,19080157,420813459,113282648
6,4187832,146604,133986,12618,60122202112,1321553168,740628913,21438369,434335162,125150724
7,4785201,153531,139491,14040,68711088128,1393256484,773815199,24548739,455567431,139325115
8,5382415,156743,142043,14700,77299974144,1426507946,789185783,25831551,465406417,146084195
9,5979346,164425,148311,16114,85888860160,1503145723,827693337,28919620,486491235,160041531
10,6576018,170688,153038,17650,94477746176,1570301913,853113709,32362041,509673992,175152171
11,7172565,173447,155207,18240,103066632192,1599181413,864791398,33589339,519991229,180809447
12,7768591,179273,160467,18806,111655518208,1655302694,899605227,34871716,534922811,185902940
13,8364315,186287,165965,20322,120244404224,1728219472,930854547,36793733,558433181,202138011
14,8959750,192236,170506,21730,128833290240,1791024047,956491882,40445993,578874904,215211268
15,9555592,200085,176946,23139,137422176256,1869703930,996688564,42653067,600484815,229877484
16,10151063,206500,182035,24465,146011062272,1936214316,1026660333,45404178,621145900,243003905
17,10746509,211749,186038,25711,154599948288,1990916616,1049812232,48116138,637731990,255256256
18,11341783,216232,189702,26530,163188834304,2036541023,1071944048,49790563,651693619,263112793
19,11937069,224744,196566,28178,171777720320,2125378546,1111399865,53433192,681293642,279251847
20,12532503,230313,201057,29256,180366606336,2183767775,1137830018,55456157,699834547,290647053
21,13128330,236831,206179,30652,188955492352,2252007329,1169088154,58699795,719838850,304380530
22,13724614,242852,211091,31761,197544378368,2314349175,1199260723,60678215,738431540,315978697
23,14321201,248008,215149,32859,206133264384,2367327048,1223301880,63022220,754316360,326686588
24,14918079,253296,219215,34081,214722150400,2422851705,1247082604,65377018,770962558,339429525
25,15514344,263864,228022,35842,223311036416,2532991177,1297696716,68878748,810256352,356159361
26,16110797,270198,233191,37007,231899922432,2599455402,1327622330,71275491,832929270,367628311
27,16707645,276189,237866,38323,240488808448,2662676451,1355270607,74472406,852409937,380523501
28,17305024,284120,244290,39830,249077694464,2744938978,1393275080,77585550,878268473,395809875
29,17903139,291725,250399,41326,257666580480,2824004350,1430081747,80547152,902555982,410819469
