Backup ID, FPindex, SFindex, Deltaindex
0,9348000,21221504,218112
1,9796240,22067776,279904
2,10335440,22966720,383200
3,10577440,23340352,431968
4,10974640,24086208,481856
5,11334480,24739328,530432
6,11728320,25462784,580800
7,12282480,26519616,644672
8,12539440,27009600,674336
9,13154000,28213056,735232
10,13655040,29120640,802176
11,13875760,29537088,828096
12,14341840,30547008,852064
13,14902960,31602432,919616
14,15378880,32474176,981504
15,16006800,33706368,1043872
16,16520000,34683456,1102784
17,16939920,35452032,1156480
18,17298560,36155520,1193280
19,17979520,37472384,1264256
20,18425040,38331904,1312416
21,18946480,39315200,1372480
22,19428160,40258240,1422336
23,19840640,41037248,1470144
24,20263680,41817920,1524672
25,21109120,43508224,1599584
26,21615840,44500288,1650048
27,22095120,45397760,1706880
28,22729600,46631168,1772704
29,23338000,47804096,1838560
