Backup ID, Online Delta_save, Offline Delta_save, Offline delta time, Offline dedelta time, Offline delete time, Offline Delta chunk num
0,45016819,0,0,0,0,0
1,57638454,0,0,0,0,0
2,79441888,0,0,0,0,0
3,90677713,0,0,0,0,0
4,101715204,0,0,0,0,0
5,113282648,0,0,0,0,0
6,125150724,0,0,0,0,0
7,139325115,0,0,0,0,0
8,146084195,0,0,0,0,0
9,160041531,0,0,0,0,0
10,175152171,0,0,0,0,0
11,180809447,0,0,0,0,0
12,185902940,0,0,0,0,0
13,199704384,2433627,7059,6949,44,110
14,213058900,2152368,13220,13064,83,156
15,226619605,3257879,17349,17160,121,189
16,239746026,3257879,17349,17160,121,189
17,251998377,3257879,17349,17160,121,189
18,259854914,3257879,17349,17160,121,189
19,275189895,4061952,22461,22184,172,277
20,286585101,4061952,22461,22184,172,277
21,300307479,4073051,27659,27360,207,299
22,311488092,4490605,32472,32134,244,338
23,322195983,4490605,32472,32134,244,338
24,334938920,4490605,32472,32134,244,338
25,350487753,5671608,42089,41659,310,430
26,361956703,5671608,42089,41659,310,430
27,374945272,5578229,47793,47342,352,451
28,390231646,5578229,47793,47342,352,451
29,405241240,5578229,47793,47342,352,451
