BackupID, OnlineSpeed(MB/s), Encalve ProcessTime(s), BackupSize, OnlineSize, OfflineSize, OfflineTime(s)
0, 440.343, 18.6014, 8588886016, 617451259, 617451259, 0.001093
1, 782.39, 10.4692, 8588886016, 647023963, 647023963, 0.001049
2, 765.229, 10.704, 8588886016, 676682745, 676682745, 0.001138
3, 753.302, 10.8735, 8588886016, 689548519, 689548519, 0.001119
4, 745.726, 10.9839, 8588886016, 714783071, 714783071, 0.001147
5, 752.469, 10.8855, 8588886016, 737272468, 737272468, 0.001195
6, 735.369, 11.1386, 8588886016, 762067282, 762067282, 0.00127
7, 750.75, 10.9104, 8588886016, 798363938, 798363938, 0.001283
8, 775.679, 10.5598, 8588886016, 815017334, 815017334, 0.001313
9, 722.301, 11.3401, 8588886016, 856612957, 856612957, 0.001431
10, 753.931, 10.8644, 8588886016, 885475750, 885475750, 0.001374
11, 797.355, 10.2727, 8588886016, 898380737, 898380737, 0.001473
12, 790.565, 10.3609, 8588886016, 934476943, 934476943, 0.001544
13, 719.57, 11.3832, 8588886016, 969090794, 967648280, 5.2618
14, 738.562, 11.0905, 8588886016, 996236021, 996937875, 4.81025
15, 736.156, 11.1267, 8588886016, 1040081763, 1039341631, 3.22694
16, 751.394, 10.9011, 8588886016, 1072064511, 1072064511, 0.001711
17, 756.555, 10.8267, 8588886016, 1097928370, 1097928370, 0.001715
18, 746.146, 10.9777, 8588886016, 1121734611, 1121734611, 0.001754
19, 708.543, 11.5603, 8588886016, 1164746673, 1164833057, 4.11387
20, 724.778, 11.3014, 8588886016, 1193286175, 1193286175, 0.001791
21, 732.599, 11.1807, 8588886016, 1227580870, 1227787949, 3.60212
22, 727.28, 11.2625, 8588886016, 1260059618, 1259938938, 3.60201
23, 752.121, 10.8905, 8588886016, 1286324100, 1286324100, 0.002013
24, 722.844, 11.3316, 8588886016, 1312459622, 1312459622, 0.002064
25, 696.043, 11.768, 8588886016, 1366938498, 1366575464, 7.25015
26, 726.056, 11.2815, 8588886016, 1398897821, 1398897821, 0.002156
27, 735.814, 11.1319, 8588886016, 1429446123, 1429743013, 4.43901
28, 721.465, 11.3533, 8588886016, 1470860630, 1470860630, 0.002421
29, 676.034, 12.1163, 8588886016, 1510628899, 1510628899, 0.002306
