Backup ID, Ecall, Inline_Ocall, Offline_Ocall, _Inline_FPOcall, _Inline_SFOcall, _Inline_LocalOcall, _Inline_LoadOcall, _Inline_DeltaOcall, _Inline_RecipeOcall, _Inline_Write_ContainerOcall, _inline_have_similar_chunk_num, _inline_need_load_container_num
0,4681,8652,5,1132,1132,0,1125,4679,584,156,6505,1273,
1,9361,14666,10,1456,1456,0,1229,9357,1168,164,7701,1636,
2,14039,20965,15,1892,1892,0,1396,14033,1752,173,9758,2240,
3,18716,26841,20,2143,2143,0,1511,18708,2336,177,10837,2646,
4,23390,32828,25,2444,2444,0,1641,23380,2919,184,11917,3074,
5,28063,38792,30,2722,2722,0,1795,28051,3502,191,13014,3519,
6,32735,44877,35,3041,3041,0,1989,32721,4085,198,14169,4054,
7,37404,51040,40,3386,3386,0,2212,37388,4668,208,15593,4680,
8,42072,56814,45,3583,3583,0,2343,42054,5251,213,16253,5020,
9,46738,63112,50,3971,3971,0,2619,46718,5833,224,17667,5695,
10,51402,69331,55,4307,4307,0,2922,51380,6415,232,19203,6395,
11,56065,75108,60,4500,4500,0,3070,56041,6997,236,19793,6717,
12,60724,80954,65,4732,4732,0,3213,60698,7579,246,20359,7022,
13,65381,87209,62535,5078,5078,2,3540,65351,8160,255,21875,7744,
14,70035,93522,112746,5478,5478,3,3820,70002,8741,263,23284,8478,
15,74693,99895,157016,5855,5855,4,4202,74657,9322,275,24729,9279,
16,79348,106250,157021,6255,6255,4,4523,79310,9903,284,26055,9984,
17,84002,112556,157026,6625,6625,4,4856,83962,10484,291,27301,10666,
18,88655,118668,157031,6951,6951,4,5084,88613,11065,298,28120,11166,
19,93308,125267,214920,7411,7411,6,5531,93262,11646,309,29768,12118,
20,97962,131597,214925,7787,7787,6,5876,97914,12227,317,30873,12780,
21,102619,138112,258124,8218,8218,7,6293,102568,12808,326,32269,13613,
22,107280,144565,303352,8639,8639,8,6663,107226,13390,335,33378,14333,
23,111943,150974,303357,9032,9032,8,7043,111887,13972,343,34478,15022,
24,116609,157431,303362,9425,9425,8,7468,116551,14554,350,35700,15785,
25,121270,164203,383522,9914,9914,10,8021,121208,15136,364,37461,16793,
26,125932,170727,383527,10339,10339,10,8453,125868,15718,373,38631,17546,
27,130597,177303,434074,10775,10775,11,8912,130530,16300,381,39947,18395,
28,135267,184064,434079,11237,11237,11,9498,135198,16883,392,41454,19382,
29,139942,190850,434084,11736,11736,11,10029,139871,17467,403,42950,20305,
