Backup ID, Logical chunk num, Unique chunk num, Base chunk num, Delta chunk num, Logical chunk size, Unique chunk size, Base chunk size, Delta chunk size, LZ4_save size, Delta_save size, 
0,598895,116850,111573,5277,8588886016,1011643262,609415203,5671526,347844904,48711629
1,1197560,122453,115990,6463,17177772032,1068656652,636718986,7974911,362732025,61230730
2,1796008,129193,120681,8512,25766658048,1140428135,662572659,11801562,383095579,82958335
3,2394289,132218,122624,9594,34355544064,1173572215,673114325,13536227,392116943,94804720
4,2992254,137183,126509,10674,42944430080,1224739981,696303600,16311021,406966687,105158673
5,3590141,141681,129910,11771,51533316096,1271368575,716616390,18448917,419479891,116823377
6,4187832,146604,133670,12934,60122202112,1321553168,739057940,21534542,432857639,128103047
7,4785201,153531,139221,14310,68711088128,1393256484,772415366,22543444,454463812,143833862
8,5382415,156743,141759,14984,77299974144,1426507946,787729137,23887719,464201217,150689873
9,5979346,164425,148002,16423,85888860160,1503145723,826239058,27575046,485027857,164303762
10,6576018,170688,152708,17980,94477746176,1570301913,851662939,30185585,507933562,180519827
11,7172565,173447,154875,18572,103066632192,1599181413,863309661,31443222,518252903,186175627
12,7768591,179273,160126,19147,111655518208,1655302694,898099487,31761946,533102444,192338817
13,8364315,186287,165586,20701,120244404224,1728219472,929250465,35453397,556271434,207244176
14,8959750,192236,170105,22131,128833290240,1791024047,954808016,37672437,576386928,222156666
15,9555592,200085,176470,23615,137422176256,1869703930,994858888,41324474,597149099,236371469
16,10151063,206500,181538,24962,146011062272,1936214316,1024774870,43716146,617577700,250145600
17,10746509,211749,185491,26258,154599948288,1990916616,1047817858,46593057,633695874,262809827
18,11341783,216232,189129,27103,163188834304,2036541023,1069871725,48752384,647419990,270496924
19,11937069,224744,195936,28808,171777720320,2125378546,1109147728,52397959,676498858,287334001
20,12532503,230313,200369,29944,180366606336,2183767775,1135434639,53364299,694446478,300522359
21,13128330,236831,205438,31393,188955492352,2252007329,1166512312,57049755,714041665,314403597
22,13724614,242852,210313,32539,197544378368,2314349175,1196532273,59389213,732303806,326123883
23,14321201,248008,214345,33663,206133264384,2367327048,1220504552,61706970,747861034,337254492
24,14918079,253296,218371,34925,214722150400,2422851705,1244204302,63781644,764148743,350717016
25,15514344,263864,227144,36720,223311036416,2532991177,1294714565,68719247,803162271,366395094
26,16110797,270198,232264,37934,231899922432,2599455402,1324434442,69588484,825355980,380076496
27,16707645,276189,236897,39292,240488808448,2662676451,1351927160,73401910,844473292,392874089
28,17305024,284120,243264,40856,249077694464,2744938978,1389740532,75592294,869785091,409821061
29,17903139,291725,249322,42403,257666580480,2824004350,1426353846,78466704,893627693,425556107
