Backup ID, FPindex, SFindex, Deltaindex
0,9348000,21202944,233952
1,9796240,22049024,295104
2,10335440,22948160,398592
3,10577440,23320960,447520
4,10974640,24065984,497440
5,11334480,24716992,546048
6,11728320,25437568,596640
7,12282480,26497152,658624
8,12539440,26983936,688640
9,13154000,28180736,750240
10,13655040,29082112,817472
11,13875760,29496960,843456
12,14341840,30504960,867360
13,14902960,31552320,935840
14,15378880,32418432,997440
15,16006800,33638720,1061888
16,16520000,34610496,1121120
17,16939920,35369024,1176224
18,17298560,36067520,1213472
19,17979520,37371840,1285696
20,18425040,38222336,1335104
21,18946480,39194112,1396416
22,19428160,40129536,1446752
23,19840640,40902848,1494720
24,20263680,41674752,1549760
25,21109120,43356800,1624640
26,21615840,44339072,1676000
27,22095120,45227200,1733440
28,22729600,46448192,1800640
29,23338000,47610304,1867264
