Backup ID, Online Delta_save, Offline Delta_save, Offline delta time, Offline dedelta time, Offline delete time, Offline Delta chunk num
0,32535012,16176617,3464,1749,65,1715
1,42637867,18592863,5521,3596,95,1925
2,61327100,21631235,8351,6129,136,2222
3,69606560,25198160,11349,8856,180,2493
4,78002476,27156197,14854,12096,228,2758
5,83215502,33607875,19179,15816,299,3363
6,89517598,38585449,23916,19994,376,3922
7,95981509,47852353,29325,24672,469,4653
8,100691669,49998204,33236,28370,535,4866
9,106755913,57547849,38494,32814,637,5680
10,112947532,67572295,44347,37747,757,6600
11,116112712,70062915,49584,42723,844,6861
12,119194741,73144076,54488,47425,922,7063
13,123854713,83389463,61164,53030,1058,8134
14,129477699,92678967,68671,59700,1207,8971
15,135446215,100925254,76172,66351,1356,9821
16,141586136,108559464,83937,73388,1492,10549
17,146417611,116392216,91793,80452,1652,11341
18,150965335,119531589,99501,87813,1775,11688
19,157305502,130028499,108593,95863,1953,12730
20,162483550,138038809,117546,104175,2112,13371
21,168884527,145519070,126804,112604,2280,14200
22,174938775,151185108,135706,120938,2435,14768
23,180046485,157208007,145266,129891,2596,15375
24,184732757,165984259,155442,139269,2770,16173
25,190799335,175595759,167059,149848,2963,17211
26,196138559,183937937,177653,159798,3144,17855
27,201614135,191259954,189036,170376,3332,18660
28,208276891,201544170,201258,181708,3549,19550
29,215787680,209768427,213741,193404,3734,20337
