BackupID, OnlineSpeed(MB/s), Encalve ProcessTime(s), BackupSize, OnlineSize, OfflineSize, OfflineTime(s)
0, 425.695, 19.2415, 8588886016, 620407287, 615086729, 4.90089
1, 785.943, 10.4219, 8588886016, 644943210, 644693897, 1.97206
2, 741.168, 11.0515, 8588886016, 674359759, 674374221, 2.71904
3, 788.839, 10.3836, 8588886016, 687486176, 686650552, 2.8107
4, 648.471, 12.6313, 8588886016, 712051854, 712614621, 3.12227
5, 771.059, 10.6231, 8588886016, 735700299, 735065307, 4.26311
6, 588.242, 13.9245, 8588886016, 760514692, 760592482, 4.53688
7, 729.264, 11.2319, 8588886016, 797784312, 794958810, 5.37288
8, 777.307, 10.5377, 8588886016, 812086348, 811616856, 3.48995
9, 749.071, 10.9349, 8588886016, 854196984, 853814104, 5.25792
10, 756.349, 10.8297, 8588886016, 883554867, 881848524, 5.86072
11, 782.443, 10.4685, 8588886016, 895247804, 894752883, 4.52944
12, 761.257, 10.7598, 8588886016, 931110525, 929861433, 4.15458
13, 757.787, 10.8091, 8588886016, 965606240, 964703862, 6.4864
14, 768.871, 10.6533, 8588886016, 994923298, 992480453, 7.07527
15, 753.125, 10.876, 8588886016, 1036999918, 1036183362, 7.10369
16, 736.682, 11.1188, 8588886016, 1070250752, 1068491016, 7.02893
17, 779.168, 10.5125, 8588886016, 1095514029, 1094410915, 7.48383
18, 690.527, 11.862, 8588886016, 1118934055, 1118624109, 6.62703
19, 758.437, 10.7998, 8588886016, 1162978888, 1161545687, 8.762
20, 709.001, 11.5529, 8588886016, 1191381733, 1188798938, 8.00002
21, 762.66, 10.74, 8588886016, 1224021072, 1223562067, 8.38001
22, 726.182, 11.2795, 8588886016, 1256986197, 1255921486, 8.0772
23, 769.88, 10.6393, 8588886016, 1283127100, 1282211522, 8.38183
24, 781.948, 10.4751, 8588886016, 1310044685, 1307985946, 9.10502
25, 690.604, 11.8606, 8588886016, 1364251645, 1363433812, 10.5817
26, 762.283, 10.7454, 8588886016, 1396814492, 1394022926, 9.44923
27, 767.538, 10.6718, 8588886016, 1425718650, 1425329070, 10.224
28, 759.664, 10.7824, 8588886016, 1468228210, 1465332826, 11.2247
29, 757.224, 10.8171, 8588886016, 1506538249, 1504820550, 10.892
