Backup ID, Ecall, Inline_Ocall, Offline_Ocall, _Inline_FPOcall, _Inline_SFOcall, _Inline_LocalOcall, _Inline_LoadOcall, _Inline_DeltaOcall, _Inline_RecipeOcall, _Inline_Write_ContainerOcall, _inline_have_similar_chunk_num, _inline_need_load_container_num
0,4681,8510,66324,1132,1132,60,983,4619,584,157,6490,1273,
1,9361,14500,98922,1456,1456,71,1063,9286,1168,165,7687,1637,
2,14039,20754,141223,1892,1892,86,1185,13947,1752,173,9740,2220,
3,18716,26588,184598,2143,2143,106,1258,18602,2336,177,10822,2604,
4,23390,32540,233011,2444,2444,123,1353,23257,2919,185,11902,3011,
5,28063,38443,295935,2722,2722,159,1446,27892,3502,192,13001,3450,
6,32735,44438,364150,3041,3041,198,1550,32523,4085,200,14164,3945,
7,37404,50550,440964,3386,3386,250,1722,37138,4668,211,15591,4537,
8,42072,56275,493555,3583,3583,269,1804,41785,5251,217,16265,4855,
9,46738,62441,577088,3971,3971,329,1948,46389,5833,229,17712,5505,
10,51402,68491,670255,4307,4307,391,2082,50989,6415,238,19271,6185,
11,56065,74211,739312,4500,4500,413,2173,55628,6997,243,19870,6506,
12,60724,79988,799230,4732,4732,433,2247,60265,7579,253,20446,6790,
13,65381,86059,903805,5078,5078,507,2390,64846,8160,263,22000,7486,
14,70035,92226,1019160,5478,5478,569,2524,69436,8741,272,23432,8152,
15,74693,98356,1135232,5855,5855,640,2663,74021,9322,284,24916,8872,
16,79348,104554,1242084,6255,6255,698,2827,78616,9903,294,26263,9538,
17,84002,110670,1363205,6625,6625,760,2970,83206,10484,302,27559,10180,
18,88655,116674,1460281,6951,6951,795,3090,87822,11065,309,28404,10642,
19,93308,123008,1596519,7411,7411,875,3272,92393,11646,321,30110,11513,
20,97962,129134,1719188,7787,7787,937,3413,96983,12227,330,31248,12147,
21,102619,135402,1849446,8218,8218,1005,3583,101570,12808,340,32697,12930,
22,107280,141649,1972721,8639,8639,1056,3747,106178,13390,350,33843,13597,
23,111943,147830,2096503,9032,9032,1116,3899,110779,13972,358,34968,14250,
24,116609,154026,2233861,9425,9425,1191,4063,115368,14554,366,36230,14955,
25,121270,160445,2384698,9914,9914,1279,4263,119939,15136,381,38038,15868,
26,125932,166736,2521583,10339,10339,1342,4462,124536,15718,391,39252,16590,
27,130597,173031,2667038,10775,10775,1421,4640,129120,16300,400,40610,17365,
28,135267,179388,2829539,11237,11237,1511,4822,133698,16883,412,42175,18265,
29,139942,185831,2978534,11736,11736,1580,5010,138302,17467,423,43723,19108,
