Backup ID, Logical chunk num, Unique chunk num, Base chunk num, Delta chunk num, Logical chunk size, Unique chunk size, Base chunk size, Delta chunk size, LZ4_save size, Delta_save size, 
0,598076,118229,114943,3286,8588886016,1032135022,626239285,3937225,372446901,29511611
1,1195194,131087,125754,5333,17177772032,1171401480,679823489,8122543,433533978,49921470
2,1791173,149943,142908,7035,25766658048,1368358678,771571506,11787087,519588239,65411846
3,2386184,164814,156633,8181,34355544064,1528865472,839686114,14255824,599399502,75524032
4,2980525,182825,173570,9255,42944430080,1719207135,930524169,16785122,687231322,84666522
5,3572942,204438,194011,10427,51533316096,1951922178,1036404083,20032161,802852396,92633538
6,4164755,221561,210309,11252,60122202112,2137587443,1119429602,21860420,896523463,99773958
7,4755932,242885,230597,12288,68711088128,2361052678,1228329624,24596980,1000928876,107197198
8,5346585,262903,249671,13232,77299974144,2573569874,1327639408,26932415,1104724386,114273665
9,5936829,281759,267716,14043,85888860160,2774054407,1421036744,28664458,1203553268,120799937
10,6526705,307464,292187,15277,94477746176,3045410776,1547694365,31918703,1337145814,128651894
11,7117376,326216,309969,16247,103066632192,3242865686,1641247287,34183842,1431327697,136106860
12,7708121,347836,330615,17221,111655518208,3473193093,1749076637,36399928,1544292373,143424155
13,8299588,374837,356290,18547,120244404224,3759205714,1885320628,39923306,1681748244,152213536
14,8891445,396422,376961,19461,128833290240,3992611430,1993550520,41795669,1797218192,160047049
15,9483489,417887,397330,20557,137422176256,4224877819,2099126482,44151494,1912707542,168892301
16,10077606,443648,421880,21768,146011062272,4498147302,2232514317,47015167,2040756549,177861269
17,10672558,470248,447240,23008,154599948288,4782863934,2367322215,49793168,2178318235,187430316
18,11268152,494813,470576,24237,163188834304,5047681626,2492707805,52618036,2305027829,197327956
19,11865051,517318,491925,25393,171777720320,5289461317,2605883802,55173113,2421946378,206458024
20,12462550,542802,516067,26735,180366606336,5563245113,2733316560,58263924,2554753621,216911008
21,13060779,568100,540026,28074,188955492352,5836765923,2860417725,60930993,2686889123,228528082
22,13661032,598836,569404,29432,197544378368,6163336318,3020281622,64123033,2840224325,238707338
23,14263100,625524,594714,30810,206133264384,6450494513,3155306473,67220091,2978234772,249733177
24,14866184,651870,619680,32190,214722150400,6735758417,3286407854,70350557,3118459041,260540965
25,15472152,686885,653036,33849,223311036416,7109281814,3467143580,74126569,3294649338,273362327
26,16079762,719004,683369,35635,231899922432,7452798290,3629682724,78598610,3458608623,285908333
27,16689366,753044,715649,37395,240488808448,7818860463,3803199954,82525449,3633931724,299203336
28,17301791,788203,748833,39370,249077694464,8196526159,3981728882,87154751,3813575722,314066804
29,17916474,824183,782671,41512,257666580480,8581486572,4164140861,92499006,3995689080,329157625
