Backup ID, FPindex, SFindex, Deltaindex
0,9458320,21477056,146016
1,10486960,23373632,253248
2,11995440,26329792,333152
3,13185120,28582720,386848
4,14626000,31371072,435904
5,16355040,34793408,484800
6,17724880,37386112,523264
7,19430800,40768384,567680
8,21032240,43855552,609984
9,22540720,46735104,647712
10,24597120,50812096,699904
11,26097280,53698432,744608
12,27826880,57069056,789280
13,29986960,61393088,845984
14,31713760,64738496,890176
15,33430960,68051776,942592
16,35491840,72157312,997376
17,37619840,76412416,1055584
18,39585040,80282560,1113184
19,41385440,83834560,1168096
20,43424160,87862336,1230656
21,45448000,91830016,1296672
22,47906880,96803776,1358816
23,50041920,101067136,1423040
24,52149600,105231936,1487648
25,54950800,110951232,1565408
26,57520320,116186880,1644800
27,60243520,121712576,1726848
28,63056240,127440704,1818624
29,65934640,133322816,1914656
