BackupID, OnlineSpeed(MB/s), Encalve ProcessTime(s), BackupSize, OnlineSize, OfflineSize, OfflineTime(s)
0, 452.651, 18.0956, 8588886016, 630176510, 630176510, 0.001664
1, 752.868, 10.8797, 8588886016, 687946032, 687946032, 0.000852
2, 699.969, 11.7019, 8588886016, 783358593, 783358593, 0.0015
3, 742.944, 11.0251, 8588886016, 853941938, 853941938, 0.001684
4, 718.032, 11.4076, 8588886016, 947309291, 947309291, 0.002303
5, 688.948, 11.8891, 8588886016, 1056436244, 1056436244, 0.002314
6, 726.057, 11.2815, 8588886016, 1141290022, 1141290022, 0.002389
7, 702.131, 11.6659, 8588886016, 1252926604, 1252926604, 0.002336
8, 618.134, 13.2512, 8588886016, 1354571823, 1354571823, 0.002697
9, 715.342, 11.4505, 8588886016, 1449701202, 1449701202, 0.002652
10, 686.745, 11.9273, 8588886016, 1579613068, 1579613068, 0.002813
11, 699.167, 11.7154, 8588886016, 1675431129, 1675431129, 0.002514
12, 702.49, 11.66, 8588886016, 1785476565, 1785476565, 0.002884
13, 648.056, 12.6393, 8588886016, 1925243934, 1925243934, 0.002827
14, 670.635, 12.2138, 8588886016, 2035346189, 2035346189, 0.002977
15, 690.632, 11.8602, 8588886016, 2143277976, 2143277976, 0.002878
16, 678.29, 12.0759, 8588886016, 2279529484, 2279529484, 0.002971
17, 665.772, 12.303, 8588886016, 2417115383, 2417115383, 0.003035
18, 676.333, 12.1109, 8588886016, 2545325841, 2545325841, 0.0029
19, 683.308, 11.9873, 8588886016, 2661056915, 2661056915, 0.002676
20, 665.431, 12.3093, 8588886016, 2791580484, 2791580484, 0.003044
21, 667.094, 12.2786, 8588886016, 2921348718, 2921348718, 0.003089
22, 644.975, 12.6997, 8588886016, 3084404655, 3084404655, 0.003226
23, 624.222, 13.1219, 8588886016, 3222526564, 3222526564, 0.002992
24, 647.868, 12.643, 8588886016, 3356758411, 3356758411, 0.003254
25, 619.767, 13.2163, 8588886016, 3541270149, 3541270149, 0.003507
26, 623.529, 13.1365, 8588886016, 3708281334, 3708281334, 0.003033
27, 608.797, 13.4544, 8588886016, 3885725403, 3885725403, 0.003534
28, 614.278, 13.3344, 8588886016, 4068883633, 4068883633, 0.003339
29, 609.078, 13.4482, 8588886016, 4256639867, 4256639867, 0.003226
