Backup ID, Ecall, Inline_Ocall, Offline_Ocall, _Inline_FPOcall, _Inline_SFOcall, _Inline_LocalOcall, _Inline_LoadOcall, _Inline_DeltaOcall, _Inline_RecipeOcall, _Inline_Write_ContainerOcall, _inline_have_similar_chunk_num, _inline_need_load_container_num, _inlineDeltaChunkNum, 
0,4675,4376,1,1143,1143,75,927,504,584,160,6567,1363,3286
1,9342,6643,2,1693,1693,124,1068,898,1167,176,9547,2262,5333
2,14001,9004,3,2278,2278,236,1204,1259,1749,201,13006,3461,7035
3,18652,11371,4,2860,2860,380,1346,1595,2330,220,16143,4768,8181
4,23298,13806,5,3457,3457,558,1510,1914,2910,244,19631,6336,9255
5,27929,16379,6,4097,4097,764,1683,2250,3488,272,23419,8081,10427
6,32555,18864,7,4706,4706,982,1874,2531,4065,294,27039,9877,11252
7,37176,21441,8,5354,5354,1206,2051,2834,4642,323,30747,11705,12288
8,41793,24088,9,6007,6007,1449,2267,3140,5218,350,34686,13725,13232
9,46407,26720,10,6660,6660,1706,2484,3416,5794,375,38544,15779,14043
10,51018,29597,11,7378,7378,1973,2717,3781,6370,408,43015,18067,15277
11,55635,32298,12,8054,8054,2207,2933,4104,6946,433,46734,20066,16247
12,60253,35120,13,8756,8756,2491,3179,4416,7522,462,50798,22280,17221
13,64876,38122,14,9522,9522,2767,3431,4781,8099,498,55278,24591,18547
14,69502,41050,15,10255,10255,3054,3692,5118,8676,527,59439,26926,19461
15,74130,44064,16,11004,11004,3346,3978,5478,9254,555,63647,29371,20557
16,78774,47182,17,11796,11796,3643,4253,5860,9834,590,68025,31839,21768
17,83425,50421,18,12610,12610,3937,4574,6275,10415,625,72463,34370,23008
18,88081,53648,19,13426,13426,4247,4876,6677,10996,658,76871,36937,24237
19,92747,56789,20,14223,14223,4527,5158,7080,11578,688,80876,39258,25393
20,97417,60194,21,15093,15093,4839,5488,7520,12161,722,85382,41863,26735
21,102093,63727,22,16029,16029,5157,5811,7956,12745,755,90015,44525,28074
22,106785,67382,23,17015,17015,5510,6130,8381,13331,797,94846,47355,29432
23,111491,71061,24,18021,18021,5817,6452,8832,13918,832,99329,49936,30810
24,116205,74834,25,19026,19026,6154,6814,9308,14506,867,103983,52714,32190
25,120942,78893,26,20108,20108,6519,7219,9842,15097,915,109210,55791,33849
26,125691,83058,27,21291,21291,6836,7585,10365,15690,958,114060,58577,35635
27,130456,87433,28,22507,22507,7214,8001,10919,16285,1004,119319,61724,37395
28,135243,91941,29,23772,23772,7577,8428,11509,16883,1051,124644,64926,39370
29,140048,96620,30,25105,25105,7939,8868,12120,17483,1099,129988,68063,41512
