Backup ID, Logical chunk num, Unique chunk num, Base chunk num, Delta chunk num, Logical chunk size, Unique chunk size, Base chunk size, Delta chunk size, LZ4_save size, Delta_save size, 
0,349658,181563,180264,1299,2869463040,1586581660,832026973,1232415,743141846,10180426
1,700527,225166,221042,4124,5748879360,2005085802,1052735969,3792276,911852987,36704570
2,1048641,266111,259221,6890,8606402560,2401076896,1262343353,6070430,1070074882,62588231
3,1400928,309641,300563,9078,11506227200,2823542516,1488218833,7877014,1241915307,85531362
4,1749773,350273,339156,11117,14379182080,3221877633,1701074052,9178768,1404702882,106921931
5,2102412,391624,378748,12876,17284945920,3626123370,1918415359,10351407,1572124287,125232317
6,2454706,434179,419947,14232,20191088640,4041790630,2144048297,11326992,1746511835,139903506
7,2812109,475940,460283,15657,23129180160,4435403046,2361972666,12249370,1911200786,149980224
8,3167314,516183,498423,17760,26049710080,4815972298,2572768942,13352089,2068834879,161016388
9,3522400,556670,536946,19724,28969748480,5198324110,2785266830,14307879,2227918150,170831251
10,3874982,595347,573523,21824,31867842560,5565605388,2989257452,15360677,2379138947,181848312
11,4227381,634533,610723,23810,34764001280,5937267741,3196040411,16378063,2532777808,192071459
12,4585507,676861,651045,25816,37705349120,6332317969,3416302054,17363804,2696484420,202167691
13,4940662,717180,689489,27691,40626268160,6713959396,3628687485,18292910,2855600976,211378025
14,5298219,756126,726471,29655,43568435200,7082753289,3833918932,19095712,3008178167,221560478
15,5655036,794396,762900,31496,46505267200,7445443641,4036323815,20015678,3158426674,230677474
16,6017260,834554,801044,33510,49483950080,7823476615,4245793688,21120372,3315434219,241128336
17,6381829,874758,839323,35435,52483553280,8201432140,4456013202,22064270,3472736792,250617876
18,6746630,914145,876654,37491,55485675520,8572341154,4661586596,23203497,3625986462,261564599
19,7108426,954067,914824,39243,58467983360,8948973987,4871491597,24014856,3783288208,270179326
20,7464498,993174,952080,41094,61400565760,9319044274,5077637677,24971007,3937138905,279296685
21,7815621,1032218,989047,43171,64291246080,9690481972,5282845439,26200608,4090266651,291169274
22,8163270,1070694,1025648,45046,67153766400,10057353438,5487485745,27214886,4242236209,300416598
23,8509462,1109121,1062252,46869,70005688320,10423757412,5691967861,28160369,4394093792,309535390
24,8857126,1147034,1098059,48975,72872611840,10785938053,5892558437,29382255,4542389356,321608005
25,9205823,1184724,1133841,50883,75747768320,11145427019,6093024422,30404265,4690608568,331389764
26,9553238,1223126,1170141,52985,78613667840,11511966758,6296029582,31591231,4841285381,343060564
27,9900471,1260887,1205885,55002,81478348800,11872768927,6496544066,32696090,4989746641,353782130
28,10248239,1299161,1242344,56817,84350238720,12237946237,6700368951,33639219,5140986291,362951776
29,10596588,1337206,1278607,58599,87226378240,12600596594,6903235172,34498341,5291409496,371453585
30,10946481,1375853,1315448,60405,90117150720,12968055455,7108339025,35392889,5443933597,380389944
31,11291923,1413211,1350923,62288,92970352640,13325556050,7307911095,36386551,5591211123,390047281
32,11633491,1450134,1386026,64108,95788369920,13679895037,7506245579,37362909,5737055468,399231081
33,11980449,1491772,1425960,65812,98655385600,14076093037,7729436988,38241031,5900899963,407515055
34,12328874,1532659,1465133,67526,101536942080,14465034928,7948060721,39117341,6061789690,416067176
35,12678852,1573224,1503810,69414,104431165440,14850849290,8163754179,40166152,6221167694,425761265
36,13027926,1613137,1542038,71099,107317770240,15231135114,8377421006,40993236,6378955437,433765435
37,13379379,1652971,1580112,72859,110227466240,15609136396,8589289648,41879678,6535877410,442089660
38,13728163,1691563,1616936,74627,113113917440,15977195134,8795896563,42776535,6688172001,450350035
39,14076885,1730035,1653414,76621,116000757760,16345283035,9000938260,43903700,6839610574,460830501
40,14428208,1769259,1690986,78273,118909593600,16718145370,9210139682,44721238,6994666757,468617693
41,14776888,1807925,1727912,80013,121795717120,17086806716,9416710288,45658063,7147452350,476986015
42,15125521,1846954,1765153,81801,124680949760,17458129194,9624267376,46635179,7301355303,485871336
43,15474430,1885464,1801667,83797,127569377280,17824633621,9828142737,47791192,7451983821,496715871
44,15821608,1923538,1838012,85526,130441646080,18187892099,10031856582,48654769,7602448887,504931861
45,16170670,1961503,1874238,87265,133332664320,18550291606,10234909856,49554129,7752468536,513359085
46,16521828,1999608,1910529,89079,136244039680,18912830265,10437404108,50537513,7902140250,522748394
47,16873063,2038050,1947254,90796,139155404800,19278065298,10641962172,51451171,8053752047,530899908
48,17225102,2076957,1984454,92503,142071173120,19646653058,10848286328,52310709,8206901925,539154096
49,17574419,2115318,2021043,94275,144962355200,20012221789,11052741033,53245855,8358286221,547948680
50,17926301,2154337,2058275,96062,147876433920,20382505558,11259629208,54146493,8511807391,556922466
51,18271894,2192243,2094320,97923,150738626560,20744929295,11461834472,55104852,8661825656,566164315
52,18617702,2229865,2130124,99741,153603604480,21104158522,11662636973,56027819,8810407759,575085971
53,18965640,2267172,2165385,101787,156488765440,21459879139,11860371260,57172766,8956317846,586017267
54,19314713,2305354,2201643,103711,159383644160,21823151729,12062506930,58203325,9106400681,596040793
55,19663418,2344057,2238529,105528,162274867200,22191381180,12267977875,59150776,9259299828,604952701
56,20013675,2383448,2276169,107279,165181665280,22565614286,12476862437,60041129,9415461683,613249037
57,20362245,2421236,2312200,109036,168073625600,22926259665,12678604050,60934224,9565158237,621563154
58,20711122,2460140,2349302,110838,170970521600,23297321455,12885403994,61842076,9719726138,630349247
59,21060301,2497568,2384879,112689,173870110720,23653978445,13084470295,62796657,9866956923,639754570
60,21409582,2535174,2420758,114416,176770754560,24012391341,13285160155,63614596,10015724235,647892355
61,21758839,2573456,2457087,116369,179671726080,24376710915,13487536754,64668410,10166374752,658130999
62,22110179,2612534,2494419,118115,182588170240,24746247844,13693967205,65518725,10320255088,666506826
63,22458283,2651107,2531219,119888,185476454400,25113522953,13899082267,66420332,10472871616,675148738
64,22807536,2689545,2567921,121624,188373995520,25479224907,14103727081,67240693,10625035711,683221422
65,23153242,2727239,2603799,123440,191239946240,25840016130,14305428399,68134629,10774324975,692128127
66,23501375,2764639,2639376,125263,194128947200,26197711913,14505346834,69055290,10922214319,701095470
67,23849800,2802055,2674921,127134,197020743680,26555483219,14705015524,70041079,11070000846,710425770
68,24197521,2840113,2711186,128927,199907051520,26919495546,14908247461,70982111,11221016405,719249569
69,24546857,2878491,2747760,130731,202809763840,27285992635,15112630054,71890919,11373467035,728004627
70,24897909,2916854,2784271,132583,205728215040,27651087447,15316118405,72885390,11524919614,737164038
71,25251386,2955664,2821228,134436,208668569600,28019890005,15521452757,73835203,11678066596,746535449
72,25602695,2993999,2857733,136266,211589539840,28385267946,15725342344,74784404,11829585783,755555415
73,25952879,3031642,2893665,137977,214500464640,28744357655,15926614430,75628742,11978698796,763415687
74,26306780,3069665,2929926,139739,217447301120,29106010902,16128672355,76499196,12128911637,771927714
75,26661969,3108343,2966702,141641,220407265280,29473586437,16332961699,77531767,12281269465,781823506
76,27016854,3147052,3003594,143458,223364904960,29841213287,16537844120,78443445,12434195634,790730088
77,27372834,3185939,3040673,145266,226333276160,30210618529,16743626359,79355054,12588033287,799603829
78,27727488,3224888,3077864,147024,229288622080,30580456393,16949916085,80270780,12742239072,808030456
79,28083712,3263563,3114781,148782,232259921920,30947402258,17154391856,81221428,12894979152,816809822
80,28435875,3301590,3150960,150630,235194050560,31309801095,17356062516,82207407,13045001065,826530107
81,28788926,3339470,3187140,152330,238136698880,31670932755,17558042691,83041798,13195200731,834647535
82,29143842,3378802,3224591,154211,241094256640,32043527381,17765482394,84113490,13349546948,844384549
