Backup ID, FPindex, SFindex, Deltaindex
0,14525040,13466560,51552
1,18013280,14969088,178240
2,21288880,15781248,287904
3,24771280,17627776,364416
4,28021840,18385152,444320
5,31329920,19103296,507488
6,34734320,19839424,554112
7,38075200,21247040,607872
8,41294640,21983744,683520
9,44533600,22674304,751680
10,47627760,23146432,825280
11,50762640,23677760,891936
12,54148880,24392640,960544
13,57374400,24940160,1024032
14,60490080,25363648,1091136
15,63551680,25716032,1152800
16,66764320,26331648,1221824
17,69980640,26866176,1286880
18,73131600,27245696,1356832
19,76325360,27721216,1415200
20,79453920,28128192,1476736
21,82577440,28635840,1546112
22,85655520,28988160,1608160
23,88729680,29355584,1667648
24,91762720,29652032,1737792
25,94777920,29907520,1800896
26,97850080,30252480,1869984
27,100870960,30560448,1936704
28,103932880,30888640,1997024
29,106976480,31183680,2056608
30,110068240,31530944,2117120
31,113056880,31777152,2180032
32,116010720,32002048,2240288
33,119341760,32406656,2295296
34,122612720,32821376,2350688
35,125857920,33344768,2412608
36,129050960,33784896,2468288
37,132237680,34203904,2525984
38,135325040,34533120,2584800
39,138402800,34877248,2651040
40,141540720,35248384,2704640
41,144634000,35596864,2762144
42,147756320,35958144,2821088
43,150837120,36345088,2886816
44,153883040,36643456,2943072
45,156920240,36912704,3000448
46,159968640,37197248,3059456
47,163044000,37566976,3115584
48,166156560,37916480,3171584
49,169225440,38223808,3230336
50,172346960,38584512,3289056
51,175379440,38902528,3350368
52,178389200,39174784,3410208
53,181373760,39450112,3478432
54,184428320,39762304,3540896
55,187524560,40125824,3600448
56,190675840,40501760,3657728
57,193698880,40760512,3715424
58,196811200,41096256,3774816
59,199805440,41385408,3836224
60,202813920,41617024,3892448
61,205876480,41926592,3956320
62,209002720,42310592,4013472
63,212088560,42624256,4071328
64,215163600,42926464,4128448
65,218179120,43165312,4188576
66,221171120,43372416,4248640
67,224164400,43580608,4310368
68,227209040,43858048,4368384
69,230279280,44145280,4427648
70,233348320,44423552,4488192
71,236453120,44735296,4548704
72,239519920,45011840,4609120
73,242531360,45256640,4665344
74,245573200,45530688,4723296
75,248667440,45902528,4786240
76,251764160,46182400,4846112
77,254875120,46465856,4905088
78,257991040,46778560,4962528
79,261085040,47107904,5019968
80,264127200,47362880,5080352
81,267157600,47577344,5136672
82,270304160,47997632,5197984
