Backup ID, Online Delta_save, Offline Delta_save, Offline delta time, Offline dedelta time, Offline delete time, Offline Delta chunk num
0,10180426,0,0,0,0,0
1,36704570,0,0,0,0,0
2,62588231,0,0,0,0,0
3,85531362,0,0,0,0,0
4,106921931,0,0,0,0,0
5,125232317,0,0,0,0,0
6,139903506,0,0,0,0,0
7,149980224,0,0,0,0,0
8,161016388,0,0,0,0,0
9,170831251,0,0,0,0,0
10,181848312,0,0,0,0,0
11,192071459,0,0,0,0,0
12,202167691,0,0,0,0,0
13,211378025,0,0,0,0,0
14,221560478,0,0,0,0,0
15,230677474,0,0,0,0,0
16,241128336,0,0,0,0,0
17,250617876,0,0,0,0,0
18,261564599,0,0,0,0,0
19,270179326,0,0,0,0,0
20,279296685,0,0,0,0,0
21,291169274,0,0,0,0,0
22,300416598,0,0,0,0,0
23,309535390,0,0,0,0,0
24,321608005,0,0,0,0,0
25,331389764,0,0,0,0,0
26,343060564,0,0,0,0,0
27,353782130,0,0,0,0,0
28,362951776,0,0,0,0,0
29,371453585,0,0,0,0,0
30,380389944,0,0,0,0,0
31,390047281,0,0,0,0,0
32,399231081,0,0,0,0,0
33,407515055,0,0,0,0,0
34,416067176,0,0,0,0,0
35,425761265,0,0,0,0,0
36,433765435,0,0,0,0,0
37,442089660,0,0,0,0,0
38,450350035,0,0,0,0,0
39,460830501,0,0,0,0,0
40,468617693,0,0,0,0,0
41,476986015,0,0,0,0,0
42,485871336,0,0,0,0,0
43,496715871,0,0,0,0,0
44,504931861,0,0,0,0,0
45,513359085,0,0,0,0,0
46,522748394,0,0,0,0,0
47,530899908,0,0,0,0,0
48,539154096,0,0,0,0,0
49,547948680,0,0,0,0,0
50,556922466,0,0,0,0,0
51,566164315,0,0,0,0,0
52,575085971,0,0,0,0,0
53,586017267,0,0,0,0,0
54,596040793,0,0,0,0,0
55,604952701,0,0,0,0,0
56,613249037,0,0,0,0,0
57,621563154,0,0,0,0,0
58,630349247,0,0,0,0,0
59,639754570,0,0,0,0,0
60,647892355,0,0,0,0,0
61,658130999,0,0,0,0,0
62,666506826,0,0,0,0,0
63,675148738,0,0,0,0,0
64,683221422,0,0,0,0,0
65,692128127,0,0,0,0,0
66,701095470,0,0,0,0,0
67,710425770,0,0,0,0,0
68,719249569,0,0,0,0,0
69,728004627,0,0,0,0,0
70,737164038,0,0,0,0,0
71,746535449,0,0,0,0,0
72,755555415,0,0,0,0,0
73,763415687,0,0,0,0,0
74,771927714,0,0,0,0,0
75,781823506,0,0,0,0,0
76,790730088,0,0,0,0,0
77,799603829,0,0,0,0,0
78,808030456,0,0,0,0,0
79,816809822,0,0,0,0,0
80,826530107,0,0,0,0,0
81,834647535,0,0,0,0,0
82,844384549,0,0,0,0,0
