BackupID, OnlineSpeed(MB/s), Encalve ProcessTime(s), BackupSize, OnlineSize, OfflineSize, OfflineTime(s)
0, 155.274, 17.6239, 2869463040, 833259388, 833259388, 0.098851
1, 317.077, 8.66044, 2879416320, 1056528245, 1056528245, 0.025536
2, 325.138, 8.3815, 2857523200, 1268413783, 1268413783, 0.026952
3, 252.824, 10.9384, 2899824640, 1496095847, 1496095847, 0.024022
4, 325.625, 8.41416, 2872954880, 1710252820, 1710252820, 0.027238
5, 323.118, 8.5763, 2905763840, 1928766766, 1928766766, 0.028406
6, 321.849, 8.61121, 2906142720, 2155375289, 2155375289, 0.030385
7, 324.999, 8.6215, 2938091520, 2374222036, 2374222036, 0.025574
8, 328.877, 8.46892, 2920529920, 2586121031, 2586121031, 0.028163
9, 327.272, 8.50903, 2920038400, 2799574709, 2799574709, 0.028591
10, 330.207, 8.37002, 2898094080, 3004618129, 3004618129, 0.027863
11, 329.169, 8.3908, 2896158720, 3212418474, 3212418474, 0.02809
12, 321.845, 8.71565, 2941347840, 3433665858, 3433665858, 0.029716
13, 324.504, 8.5842, 2920919040, 3646980395, 3646980395, 0.02982
14, 331.255, 8.47043, 2942167040, 3853014644, 3853014644, 0.029284
15, 334.258, 8.3791, 2936832000, 4056339493, 4056339493, 0.028628
16, 326.482, 8.70092, 2978682880, 4266914060, 4266914060, 0.028808
17, 324.669, 8.81096, 2999603200, 4478077472, 4478077472, 0.02992
18, 333.132, 8.59432, 3002122240, 4684790093, 4684790093, 0.029982
19, 331.602, 8.577, 2982307840, 4895506453, 4895506453, 0.029764
20, 332.723, 8.40556, 2932582400, 5102608684, 5102608684, 0.029701
21, 328.033, 8.40394, 2890680320, 5309046047, 5309046047, 0.028108
22, 328.56, 8.30871, 2862520320, 5514700631, 5514700631, 0.029303
23, 328.286, 8.28487, 2851921920, 5720128230, 5720128230, 0.02866
24, 330.587, 8.27047, 2866923520, 5921940692, 5921940692, 0.028478
25, 332.419, 8.2485, 2875156480, 6123428687, 6123428687, 0.028441
26, 330.259, 8.27574, 2865899520, 6327620813, 6327620813, 0.028394
27, 328.952, 8.30507, 2864680960, 6529240156, 6529240156, 0.028956
28, 327.989, 8.35042, 2871889920, 6734008170, 6734008170, 0.030462
29, 328.508, 8.34958, 2876139520, 6937733513, 6937733513, 0.029128
30, 323.827, 8.51336, 2890772480, 7143731914, 7143731914, 0.030376
31, 327.679, 8.30393, 2853201920, 7344297646, 7344297646, 0.029844
32, 327.143, 8.21498, 2818017280, 7543608488, 7543608488, 0.028787
33, 317.641, 8.60784, 2867015680, 7767678019, 7767678019, 0.031626
34, 325.154, 8.45157, 2881556480, 7987178062, 7987178062, 0.031781
35, 321.636, 8.58158, 2894223360, 8203920331, 8203920331, 0.030918
36, 323.067, 8.52109, 2886604800, 8418414242, 8418414242, 0.030726
37, 323.577, 8.57572, 2909696000, 8631169326, 8631169326, 0.030154
38, 326.826, 8.42262, 2886451200, 8838673098, 8838673098, 0.029846
39, 326.464, 8.43309, 2886840320, 9044841960, 9044841960, 0.029345
40, 329.805, 8.41128, 2908835840, 9254860920, 9254860920, 0.029993
41, 326.828, 8.42163, 2886123520, 9462368351, 9462368351, 0.030869
42, 332.428, 8.2772, 2885232640, 9670902555, 9670902555, 0.031906
43, 332.217, 8.29162, 2888427520, 9875933929, 9875933929, 0.029771
44, 327.589, 8.36171, 2872268800, 10080511351, 10080511351, 0.029602
45, 332.412, 8.2942, 2891018240, 10284463985, 10284463985, 0.029462
46, 333.084, 8.33576, 2911375360, 10487941621, 10487941621, 0.03136
47, 331.96, 8.36393, 2911365120, 10693413343, 10693413343, 0.029189
48, 331.695, 8.38329, 2915768320, 10900597037, 10900597037, 0.031797
49, 336.842, 8.18559, 2891182080, 11105986888, 11105986888, 0.030863
50, 330.988, 8.39632, 2914078720, 11313775701, 11313775701, 0.029721
51, 330.532, 8.25821, 2862192640, 11516939324, 11516939324, 0.029436
52, 327.822, 8.33456, 2864977920, 11718664792, 11718664792, 0.029616
53, 334.088, 8.23587, 2885160960, 11917544026, 11917544026, 0.030418
54, 331.115, 8.33781, 2894878720, 12120710255, 12120710255, 0.03073
55, 331.405, 8.31999, 2891223040, 12327128651, 12327128651, 0.029255
56, 329.786, 8.40587, 2906798080, 12536903566, 12536903566, 0.030133
57, 334.006, 8.25729, 2891960320, 12739538274, 12739538274, 0.031119
58, 331.504, 8.33381, 2896896000, 12947246070, 12947246070, 0.030443
59, 335.212, 8.24929, 2899589120, 13147266952, 13147266952, 0.028983
60, 333.297, 8.29971, 2900643840, 13348774751, 13348774751, 0.031722
61, 332.046, 8.33192, 2900971520, 13552205164, 13552205164, 0.029954
62, 333.065, 8.35074, 2916444160, 13759485930, 13759485930, 0.030185
63, 329.236, 8.36628, 2888284160, 13965502599, 13965502599, 0.032252
64, 331.101, 8.34583, 2897541120, 14170967774, 14170967774, 0.030162
65, 331.766, 8.23829, 2865950720, 14373563028, 14373563028, 0.029341
66, 335.387, 8.2149, 2889000960, 14574402124, 14574402124, 0.029496
67, 334.68, 8.2402, 2891796480, 14775056603, 14775056603, 0.029434
68, 332.202, 8.28591, 2886307840, 14979229572, 14979229572, 0.029982
69, 329.283, 8.40688, 2902712320, 15184520973, 15184520973, 0.030987
70, 332.552, 8.36936, 2918451200, 15389003795, 15389003795, 0.030806
71, 314.751, 8.90908, 2940354560, 15595287960, 15595287960, 0.032197
72, 335.802, 8.29552, 2920970240, 15800126748, 15800126748, 0.030504
73, 337.674, 8.22116, 2910924800, 16002243172, 16002243172, 0.030227
74, 336.248, 8.35788, 2946836480, 16205171551, 16205171551, 0.030258
75, 337.393, 8.36662, 2959964160, 16410493466, 16410493466, 0.029805
76, 331.315, 8.51342, 2957639680, 16616287565, 16616287565, 0.0312
77, 334.173, 8.47124, 2968371200, 16822981413, 16822981413, 0.031959
78, 334.12, 8.43541, 2955345920, 17030186865, 17030186865, 0.030804
79, 334.41, 8.47358, 2971299840, 17235613284, 17235613284, 0.031797
80, 333.583, 8.38833, 2934128640, 17438269923, 17438269923, 0.029836
81, 333.714, 8.40937, 2942648320, 17641084489, 17641084489, 0.030666
82, 330.539, 8.53317, 2957557760, 17849595884, 17849595884, 0.031282
