Backup ID, Ecall, Inline_Ocall, Offline_Ocall, _Inline_FPOcall, _Inline_SFOcall, _Inline_LocalOcall, _Inline_LoadOcall, _Inline_DeltaOcall, _Inline_RecipeOcall, _Inline_Write_ContainerOcall, _inline_have_similar_chunk_num, _inline_need_load_container_num, _inlineDeltaChunkNum, 
0,2734,9958,1,2732,2732,2639,1443,71,341,212,109953,37050,1299
1,5478,18955,2,5474,5474,5147,1875,302,683,269,145761,56447,4124
2,8200,27650,3,8194,8194,7682,2071,487,1022,323,182467,76759,6890
3,10955,36488,4,10947,10947,10250,2307,671,1366,381,216331,97460,9078
4,13683,45188,5,13673,13673,12852,2489,795,1706,436,253001,118916,11117
5,16440,53953,6,16428,16428,15498,2645,904,2050,492,290595,141119,12876
6,19195,62669,7,19181,19181,18174,2758,981,2394,550,329297,163886,14232
7,21990,72555,8,21974,21974,20817,3931,1116,2743,606,363693,185139,15657
8,24768,81357,9,24750,24750,23491,4060,1217,3089,660,400070,207365,17760
9,27545,90135,10,27525,27525,26181,4167,1302,3435,715,436934,230308,19724
10,30302,98868,11,30280,30280,28840,4291,1398,3779,768,473139,253094,21824
11,33058,107589,12,33034,33034,31511,4406,1481,4123,821,509541,275806,23810
12,35858,116448,13,35832,35832,34226,4522,1564,4472,878,548108,299072,25816
13,38635,125211,14,38607,38607,36931,4614,1634,4818,933,585549,322599,27691
14,41431,134057,15,41401,41401,39647,4729,1712,5167,986,622277,346075,29655
15,44221,142880,16,44189,44189,42363,4840,1784,5515,1038,658696,369516,31496
16,47053,151930,17,47019,47019,45095,5048,1881,5868,1092,695661,393159,33510
17,49904,161008,18,49868,49868,47859,5223,1966,6224,1146,733096,417232,35435
18,52757,170027,19,52718,52718,50617,5336,2058,6580,1199,770489,440878,37491
19,55586,178958,20,55545,55545,53380,5433,2122,6933,1253,807910,465125,39243
20,58370,187751,21,58327,58327,56093,5533,2191,7280,1306,844884,488916,41094
21,61116,196456,22,61071,61071,58737,5664,2291,7622,1359,881265,512347,43171
22,63835,205033,23,63787,63787,61388,5754,2356,7961,1412,917896,535868,45046
23,66542,213554,24,66492,66492,64036,5822,2413,8299,1465,954394,559405,46869
24,69261,222147,25,69209,69209,66662,5925,2504,8638,1517,990755,582624,48975
25,71988,230743,26,71934,71934,69318,6008,2571,8978,1569,1027104,606100,50883
26,74705,239330,27,74649,74649,71949,6111,2655,9317,1621,1063692,629532,52985
27,77420,247935,28,77362,77362,74580,6238,2737,9656,1673,1099832,652638,55002
28,80139,256529,29,80079,80079,77229,6342,2805,9995,1726,1136387,676032,56817
29,82863,265124,30,82801,82801,79889,6432,2866,10335,1778,1172886,699630,58599
30,85599,273754,31,85535,85535,82557,6519,2932,10676,1831,1209709,723305,60405
31,88300,282288,32,88234,88234,85186,6619,3002,11013,1883,1245774,746713,62288
32,90971,290704,33,90903,90903,87794,6695,3063,11346,1934,1281517,770012,64108
33,93684,299221,34,93614,93614,90458,6741,3110,11684,1991,1321035,795129,65812
34,96409,307784,35,96337,96337,93129,6796,3161,12024,2047,1359753,819890,67526
35,99146,316409,36,99072,99072,95798,6875,3227,12365,2103,1397566,844463,69414
36,101876,324998,37,101800,101800,98474,6940,3279,12705,2158,1435170,869000,71099
37,104624,333656,38,104546,104546,101165,7017,3334,13048,2213,1472806,893492,72859
38,107351,342230,39,107271,107271,103835,7076,3389,13388,2266,1509670,917696,74627
39,110078,350819,40,109996,109996,106487,7150,3462,13728,2319,1546334,941812,76621
40,112825,359461,41,112741,112741,109182,7214,3512,14071,2373,1583608,966381,78273
41,115552,368046,42,115466,115466,111850,7284,3569,14411,2426,1620448,990756,80013
42,118278,376631,43,118190,118190,114513,7357,3630,14751,2480,1657578,1015312,81801
43,121006,385229,44,120916,120916,117165,7437,3704,15091,2533,1694056,1039277,83797
44,123721,393759,45,123629,123629,119829,7489,3753,15430,2586,1730566,1063601,85526
45,126451,402347,46,126357,126357,122502,7554,3807,15770,2638,1767121,1087782,87265
46,129197,410991,47,129101,129101,125184,7624,3869,16112,2690,1803733,1112136,89079
47,131944,419646,48,131846,131846,127873,7702,3924,16455,2743,1840239,1136477,90796
48,134697,428317,49,134597,134597,130570,7777,3978,16798,2796,1877310,1161069,92503
49,137429,436924,50,137327,137327,133238,7853,4040,17139,2849,1914059,1185579,94275
50,140181,445587,51,140077,140077,135929,7923,4099,17482,2902,1951176,1210457,96062
51,142883,454120,52,142777,142777,138566,8019,4162,17819,2954,1987416,1234856,97923
52,145587,462631,53,145479,145479,141211,8087,4219,18156,3006,2023608,1259374,99741
53,148308,471205,54,148198,148198,143852,8165,4297,18495,3057,2059479,1283537,101787
54,151038,479803,55,150926,150926,146514,8239,4363,18835,3109,2096024,1308237,103711
55,153765,488382,56,153651,153651,149182,8303,4420,19175,3162,2132809,1332946,105528
56,156504,497015,57,156388,156388,151863,8383,4476,19517,3216,2170221,1358040,107279
57,159230,505581,58,159112,159112,154536,8437,4527,19857,3268,2206649,1382732,109036
58,161958,514175,59,161838,161838,157202,8513,4587,20197,3321,2243791,1407825,110838
59,164688,522782,60,164566,164566,159865,8596,4652,20537,3372,2279698,1432263,112689
60,167419,531362,61,167295,167295,162545,8648,4701,20878,3424,2316086,1457120,114416
61,170150,539962,62,170024,170024,165204,8720,4771,21219,3476,2352735,1481857,116369
62,172897,548607,63,172769,172769,167894,8787,4826,21562,3529,2389790,1506898,118115
63,175619,557162,64,175489,175489,170561,8843,4879,21901,3582,2426711,1531876,119888
64,178350,565751,65,178218,178218,173239,8904,4930,22242,3635,2463565,1556932,121624
65,181053,574273,66,180919,180919,175879,8987,4990,22579,3687,2500009,1581701,123440
66,183775,582845,67,183639,183639,178538,9061,5050,22918,3739,2536329,1606551,125263
67,186500,591427,68,186362,186362,181198,9135,5112,23258,3791,2572649,1631466,127134
68,189219,599978,69,189079,189079,183860,9196,5167,23597,3843,2609241,1656321,128927
69,191951,608580,70,191809,191809,186535,9267,5222,23938,3896,2646102,1681403,130731
70,194696,617216,71,194552,194552,189222,9332,5278,24280,3949,2683002,1706617,132583
71,197460,625912,72,197314,197314,191926,9397,5336,24625,4002,2720173,1731952,134436
72,200207,634558,73,200059,200059,194609,9465,5398,24968,4055,2757057,1757131,136266
73,202945,643162,74,202795,202795,197296,9520,5447,25309,4107,2793411,1782109,137977
74,205712,651857,75,205560,205560,200009,9575,5499,25654,4159,2829992,1807270,139739
75,208489,660610,76,208335,208335,202710,9657,5573,26000,4212,2866713,1832355,141641
76,211264,669346,77,211108,211108,205423,9728,5633,26346,4265,2903951,1857616,143458
77,214048,678101,78,213890,213890,208150,9790,5688,26693,4318,2941343,1883158,145266
78,216821,686820,79,216661,216661,210871,9850,5738,27039,4371,2978655,1908593,147024
79,219606,695584,80,219444,219444,213594,9918,5798,27386,4424,3015602,1933925,148782
80,222360,704237,81,222196,222196,216283,9972,5861,27729,4476,3052286,1958692,150630
81,225121,712914,82,224955,224955,218989,10028,5914,28073,4528,3089035,1984003,152330
82,227896,721638,83,227728,227728,221697,10087,5979,28419,4582,3126160,2009247,154211
