Backup ID, Logical chunk num, Unique chunk num, Base chunk num, Delta chunk num, Logical chunk size, Unique chunk size, Base chunk size, Delta chunk size, LZ4_save size, Delta_save size, 
0,598895,116850,110919,5931,8588886016,1011643262,607086693,6847265,343460273,54249031
1,1197560,122453,115336,7117,17177772032,1068656652,634441887,8839916,358293116,67081733
2,1796008,129193,120015,9178,25766658048,1140428135,660362858,12694481,378412111,88958685
3,2394289,132218,121929,10289,34355544064,1173572215,670887492,15009915,387074165,100600643
4,2992254,137183,125790,11393,42944430080,1224739981,694079866,17639882,401643982,111376251
5,3590141,141681,129173,12508,51533316096,1271368575,714349176,19417859,413940981,123660559
6,4187832,146604,132908,13696,60122202112,1321553168,736680941,21654832,427111564,136105831
7,4785201,153531,138382,15149,68711088128,1393256484,769901441,24372728,447889212,151093103
8,5382415,156743,140907,15836,77299974144,1426507946,785189355,25777002,457462421,158079168
9,5979346,164425,147111,17314,85888860160,1503145723,823546388,29299475,477919839,172380021
10,6576018,170688,151787,18901,94477746176,1570301913,848903750,32109246,500546178,188742739
11,7172565,173447,153929,19518,103066632192,1599181413,860490314,32834160,510599824,195257115
12,7768591,179273,159167,20106,111655518208,1655302694,895241335,33723677,525378488,200959194
13,8364315,186287,164592,21695,120244404224,1728219472,926236313,37489603,548230365,216263191
14,8959750,192236,169086,23150,128833290240,1791024047,951708282,39643159,568133444,231539162
15,9555592,200085,175427,24658,137422176256,1869703930,991664736,43984770,588725730,245328694
16,10151063,206500,180466,26034,146011062272,1936214316,1021476347,46306596,608901224,259530149
17,10746509,211749,184398,27351,154599948288,1990916616,1044462372,48743965,624832632,272877647
18,11341783,216232,188024,28208,163188834304,2036541023,1066467874,50795732,638447048,280830369
19,11937069,224744,194797,29947,171777720320,2125378546,1105669369,53581642,667265017,298862518
20,12532503,230313,199208,31105,180366606336,2183767775,1131879190,55543541,684952751,311392293
21,13128330,236831,204258,32573,188955492352,2252007329,1162858927,58674571,704358820,326115011
22,13724614,242852,209114,33738,197544378368,2314349175,1192817031,62203147,722438713,336890284
23,14321201,248008,213131,34877,206133264384,2367327048,1216739494,63589727,737873849,349123978
24,14918079,253296,217141,36155,214722150400,2422851705,1240372090,66028983,754026290,362424342
25,15514344,263864,225878,37986,223311036416,2532991177,1290746529,70612399,792723398,378908851
26,16110797,270198,230991,39207,231899922432,2599455402,1320463567,73525232,814856762,390609841
27,16707645,276189,235610,40579,240488808448,2662676451,1347886201,76314354,833839553,404636343
28,17305024,284120,241969,42151,249077694464,2744938978,1385694214,80258307,859087595,419898862
29,17903139,291725,248007,43718,257666580480,2824004350,1422251666,81164055,882761973,437826656
