Backup ID, FPindex, SFindex, Deltaindex
0,9348000,21142976,264896
1,9796240,21988096,325856
2,10335440,22883072,429312
3,10577440,23249344,478848
4,10974640,23990080,529280
5,11334480,24638592,578240
6,11728320,25355008,629152
7,12282480,26405120,693088
8,12539440,26889472,723168
9,13154000,28079872,785696
10,13655040,28976320,853536
11,13875760,29386752,880096
12,14341840,30392128,904192
13,14902960,31432448,973312
14,15378880,32293952,1035232
15,16006800,33510208,1099808
16,16520000,34476544,1159520
17,16939920,35230656,1214784
18,17298560,35926592,1252128
19,17979520,37224640,1324768
20,18425040,38071296,1374848
21,18946480,39039168,1435936
22,19428160,39971008,1486496
23,19840640,40741376,1534496
24,20263680,41509888,1589664
25,21109120,43185600,1665472
26,21615840,44166208,1716672
27,22095120,45052160,1774144
28,22729600,46271552,1840864
29,23338000,47429312,1907904
