Backup ID, Online Delta_save, Offline Delta_save, Offline delta time, Offline dedelta time, Offline delete time, Offline Delta chunk num
0,9399712,44849319,5688,754,111,4934
1,12225809,54855924,8366,2542,180,5824
2,16501691,72456994,12390,4902,277,7488
3,17669822,82930821,16520,8042,357,8478
4,19028460,92347791,20937,11523,451,9414
5,20489432,103171127,25893,15505,546,10388
6,21996500,114109331,31449,20039,648,11410
7,23365191,127727912,37794,25096,783,12698
8,24159953,133919215,42287,28996,885,13291
9,25405454,146974567,48283,33662,1022,14621
10,26843952,161898787,54839,38805,1171,16034
11,27479592,167777523,60528,43971,1293,16557
12,28567915,172391279,65776,48799,1395,16977
13,29796798,186466393,72969,54548,1572,18421
14,31195425,200343737,81143,61437,1740,19706
15,32427437,212901257,89392,68338,1915,21054
16,33723804,225806345,98521,76244,2087,22277
17,34978403,237899244,107533,84081,2255,23452
18,36423188,244407181,115927,91788,2405,24139
19,37926140,260936378,126445,100750,2612,25695
20,40245433,271146860,135926,109296,2790,26630
21,42318995,283796016,146354,118455,2973,27899
22,44066462,292823822,156606,127712,3174,28894
23,45880371,303243607,167893,138052,3366,29841
24,47522016,314902326,179254,148296,3576,30958
25,49166225,329742626,192689,160189,3816,32500
26,50718074,339891767,205037,171525,4029,33512
27,52346117,352290226,218879,184167,4238,34712
28,54044635,365854227,233015,196919,4471,36096
29,56422105,381404551,248145,210739,4701,37406
