BackupID, OnlineSpeed(MB/s), Encalve ProcessTime(s), BackupSize, OnlineSize, OfflineSize, OfflineTime(s)
0, 437.697, 18.7139, 8588886016, 627175506, 613933958, 10.4105
1, 774.518, 10.5756, 8588886016, 644638876, 643281803, 3.38047
2, 754.355, 10.8583, 8588886016, 675203875, 673057339, 5.32878
3, 747.553, 10.9571, 8588886016, 687125511, 685897407, 4.44153
4, 776.163, 10.5532, 8588886016, 712719494, 711719748, 4.80402
5, 731.965, 11.1904, 8588886016, 735626998, 733767035, 5.11745
6, 797.588, 10.2697, 8588886016, 760044717, 758335773, 5.58042
7, 768.694, 10.6557, 8588886016, 796882721, 794274169, 6.70142
8, 809.965, 10.1128, 8588886016, 812119704, 810966357, 4.40279
9, 776.441, 10.5494, 8588886016, 854537877, 852845863, 6.38739
10, 753.846, 10.8656, 8588886016, 883810219, 881012996, 6.92694
11, 812.155, 10.0855, 8588886016, 895136356, 893324474, 5.17674
12, 796.617, 10.2822, 8588886016, 930007431, 928965012, 4.62728
13, 778.863, 10.5166, 8588886016, 965605059, 963725916, 7.52259
14, 778.991, 10.5149, 8588886016, 994704109, 991351441, 7.93464
15, 769.962, 10.6382, 8588886016, 1036809245, 1035649506, 8.09629
16, 725.163, 11.2954, 8588886016, 1070839602, 1067782943, 8.51554
17, 761.565, 10.7555, 8588886016, 1095476398, 1093206337, 8.47944
18, 782.155, 10.4723, 8588886016, 1118351557, 1117263606, 7.21118
19, 713.887, 11.4738, 8588886016, 1162955291, 1159251011, 10.0969
20, 780.435, 10.4954, 8588886016, 1189841629, 1187422731, 8.51884
21, 767.872, 10.6671, 8588886016, 1223689156, 1221533498, 9.58955
22, 788.682, 10.3857, 8588886016, 1256029702, 1255020178, 9.59446
23, 778.697, 10.5189, 8588886016, 1283022990, 1280329221, 10.0148
24, 744.541, 11.0014, 8588886016, 1308974731, 1306401073, 10.2367
25, 751.805, 10.8951, 8588886016, 1363639133, 1361358928, 12.6736
26, 780.71, 10.4917, 8588886016, 1395812643, 1393988799, 11.2672
27, 774.253, 10.5792, 8588886016, 1426592745, 1424200555, 12.3309
28, 763.336, 10.7305, 8588886016, 1468174966, 1465952521, 12.9552
29, 694.2, 11.7992, 8588886016, 1508341776, 1503415721, 13.488
