Backup ID, Ecall, Inline_Ocall, Offline_Ocall, _Inline_FPOcall, _Inline_SFOcall, _Inline_LocalOcall, _Inline_LoadOcall, _Inline_DeltaOcall, _Inline_RecipeOcall, _Inline_Write_ContainerOcall, _inline_have_similar_chunk_num, _inline_need_load_container_num
0,4681,7973,110613,1132,1132,359,446,4320,584,159,6478,1277,
1,9361,13934,175764,1456,1456,458,497,8899,1168,168,7669,1651,
2,14039,20137,265920,1892,1892,627,568,13406,1752,177,9730,2243,
3,18716,25929,341406,2143,2143,747,599,17961,2336,182,10841,2637,
4,23390,31835,423870,2444,2444,861,648,22519,2919,190,11945,3050,
5,28063,37691,503670,2722,2722,965,694,27086,3502,197,13060,3486,
6,32735,43627,592582,3041,3041,1093,739,31628,4085,205,14248,3985,
7,37404,49616,700989,3386,3386,1254,788,36134,4668,216,15704,4607,
8,42072,55297,778486,3583,3583,1346,826,40708,5251,222,16391,4950,
9,46738,61374,886909,3971,3971,1509,881,45209,5833,234,17869,5648,
10,51402,67341,1000305,4307,4307,1672,932,49708,6415,243,19457,6360,
11,56065,72998,1090302,4500,4500,1753,960,54288,6997,248,20076,6690,
12,60724,78739,1167774,4732,4732,1816,998,58882,7579,259,20664,6989,
13,65381,84718,1297308,5078,5078,1971,1049,63382,8160,270,22253,7711,
14,70035,90812,1425161,5478,5478,2129,1110,67876,8741,279,23708,8409,
15,74693,96846,1555364,5855,5855,2298,1153,72363,9322,292,25216,9126,
16,79348,102935,1685673,6255,6255,2463,1208,76851,9903,302,26592,9801,
17,84002,108960,1815977,6625,6625,2606,1260,81360,10484,310,27909,10423,
18,88655,114892,1931645,6951,6951,2718,1308,85899,11065,318,28766,10878,
19,93308,121101,2084737,7411,7411,2931,1365,90337,11646,331,30505,11781,
20,97962,127136,2219889,7787,7787,3071,1415,94849,12227,340,31663,12430,
21,102619,133296,2361134,8218,8218,3247,1477,99328,12808,351,33131,13214,
22,107280,139444,2511926,8639,8639,3406,1542,103828,13390,361,34296,13876,
23,111943,145530,2661115,9032,9032,3560,1599,108335,13972,369,35435,14507,
24,116609,151617,2817431,9425,9425,3721,1654,112838,14554,378,36713,15205,
25,121270,157894,3003166,9914,9914,3938,1712,117280,15136,394,38544,16131,
26,125932,164041,3171064,10339,10339,4116,1767,121762,15718,404,39765,16853,
27,130597,170212,3336363,10775,10775,4292,1821,126249,16300,414,41137,17624,
28,135267,176451,3517557,11237,11237,4508,1885,130701,16883,426,42710,18524,
29,139942,182775,3699145,11736,11736,4704,1954,135178,17467,438,44277,19354,
