Backup ID, Logical chunk num, Unique chunk num, Base chunk num, Delta chunk num, Logical chunk size, Unique chunk size, Base chunk size, Delta chunk size, LZ4_save size, Delta_save size, 
0,598895,116850,113097,3753,8588886016,1011643262,615268721,3582922,358255864,34535755
1,1197560,122453,117885,4568,17177772032,1068656652,643933639,5033749,376320514,43368750
2,1796008,129193,123207,5986,25766658048,1140428135,672201052,7464732,401954038,58808313
3,2394289,132218,125605,6613,34355544064,1173572215,684442088,8896930,414875307,65357890
4,2992254,137183,129983,7200,42944430080,1224739981,709560909,10054232,433814391,71310449
5,3590141,141681,133896,7785,51533316096,1271368575,731876075,11259697,450666334,77566469
6,4187832,146604,138275,8329,60122202112,1321553168,756689117,12495386,469213010,83155655
7,4785201,153531,144563,8968,68711088128,1393256484,793257983,14089578,496710270,89198653
8,5382415,156743,147530,9213,77299974144,1426507946,810364203,14613280,509852695,91677768
9,5979346,164425,154626,9799,85888860160,1503145723,852436475,16056731,537262552,97389965
10,6576018,170688,160183,10505,94477746176,1570301913,881286206,17880153,566881311,104254243
11,7172565,173447,162740,10707,103066632192,1599181413,894703042,18319420,580007910,106151041
12,7768591,179273,168396,10877,111655518208,1655302694,931168558,18896081,597913289,107324766
13,8364315,186287,174768,11519,120244404224,1728219472,966105152,20501507,628056564,113556249
14,8959750,192236,180215,12021,128833290240,1791024047,995654680,21795834,655222741,118350792
15,9555592,200085,187573,12512,137422176256,1869703930,1039799069,23072575,683864234,122968052
16,10151063,206500,193562,12938,146011062272,1936214316,1073850518,24205885,711242112,126915801
17,10746509,211749,198379,13370,154599948288,1990916616,1100496623,25431170,734128047,130860776
18,11341783,216232,202650,13582,163188834304,2036541023,1125397410,26004748,752464187,132674678
19,11937069,224744,210708,14036,171777720320,2125378546,1170057598,27228567,791156330,136936051
20,12532503,230313,215987,14326,180366606336,2183767775,1200029317,27915767,815862548,139960143
21,13128330,236831,222101,14730,188955492352,2252007329,1235598763,29081299,843696413,143630854
22,13724614,242852,227905,14947,197544378368,2314349175,1269808389,29610211,869072388,145858187
23,14321201,248008,232792,15216,206133264384,2367327048,1297434426,30546255,891421118,147925249
24,14918079,253296,237793,15503,214722150400,2422851705,1325464102,31205651,915259300,150922652
25,15514344,263864,247768,16096,223311036416,2532991177,1381230214,32995798,963558565,155206600
26,16110797,270198,253812,16386,231899922432,2599455402,1415114303,33832047,992880372,157628680
27,16707645,276189,259496,16693,240488808448,2662676451,1447240609,34864201,1020242584,160329057
28,17305024,284120,267111,17009,249077694464,2744938978,1490578703,35776115,1055230114,163354046
29,17903139,291725,274376,17349,257666580480,2824004350,1532487938,36673071,1088498925,166344416
