Backup ID, FPindex, SFindex, Deltaindex
0,9348000,21332928,0
1,9796240,22209472,0
2,10335440,23164480,0
3,10577440,23572480,0
4,10974640,24361408,0
5,11334480,25055488,0
6,11728320,25826816,0
7,12282480,26948288,0
8,12539440,27470208,0
9,13154000,28744256,0
10,13655040,29721664,0
11,13875760,30170304,0
12,14341840,31215104,0
13,14902960,32342144,0
14,15378880,33288384,0
15,16006800,34594432,0
16,16520000,35645376,0
17,16939920,36477056,0
18,17298560,37232192,0
19,17979520,38643840,0
20,18425040,39565184,0
21,18946480,40624512,0
22,19428160,41639680,0
23,19840640,42483456,0
24,20263680,43336576,0
25,21109120,45121728,0
26,21615840,46184192,0
27,22095120,47159104,0
28,22729600,48487424,0
29,23338000,49747840,0
