BackupID, OnlineSpeed(MB/s), Encalve ProcessTime(s), BackupSize, OnlineSize, OfflineSize, OfflineTime(s)
0, 453.663, 18.0553, 8588886016, 618851643, 618851643, 1.9e-05
1, 779.481, 10.5083, 8588886016, 648967388, 648967388, 2.6e-05
2, 763.557, 10.7274, 8588886016, 679665784, 679665784, 2e-05
3, 807.07, 10.1491, 8588886016, 693339018, 693339018, 1.8e-05
4, 727.097, 11.2653, 8588886016, 719615141, 719615141, 1.9e-05
5, 747.767, 10.9539, 8588886016, 743135772, 743135772, 2.6e-05
6, 786.991, 10.408, 8588886016, 769184503, 769184503, 2e-05
7, 765.722, 10.6971, 8588886016, 807347561, 807347561, 2.5e-05
8, 783.687, 10.4519, 8588886016, 824977483, 824977483, 2.3e-05
9, 776.024, 10.5551, 8588886016, 868493206, 868493206, 2.3e-05
10, 786.154, 10.4191, 8588886016, 899166359, 899166359, 1.9e-05
11, 817.919, 10.0144, 8588886016, 913022462, 913022462, 1.9e-05
12, 801.81, 10.2156, 8588886016, 950064639, 950064639, 2.7e-05
13, 757.439, 10.8141, 8588886016, 986606659, 986606659, 2e-05
14, 729.132, 11.2339, 8588886016, 1017450514, 1017450514, 1.9e-05
15, 761.318, 10.759, 8588886016, 1062871644, 1062871644, 1.9e-05
16, 775.261, 10.5655, 8588886016, 1098056403, 1098056403, 2.5e-05
17, 784.481, 10.4413, 8588886016, 1125927793, 1125927793, 2.2e-05
18, 766.321, 10.6887, 8588886016, 1151402158, 1151402158, 2.4e-05
19, 765.602, 10.6988, 8588886016, 1197286165, 1197286165, 1.8e-05
20, 763.562, 10.7274, 8588886016, 1227945084, 1227945084, 2.1e-05
21, 777.461, 10.5356, 8588886016, 1264680062, 1264680062, 2e-05
22, 688.379, 11.899, 8588886016, 1299418600, 1299418600, 2.5e-05
23, 791.186, 10.3528, 8588886016, 1327980681, 1327980681, 1.9e-05
24, 794.777, 10.306, 8588886016, 1356669753, 1356669753, 1.8e-05
25, 685.899, 11.942, 8588886016, 1414226012, 1414226012, 2.9e-05
26, 778.812, 10.5173, 8588886016, 1448946350, 1448946350, 1.8e-05
27, 788.657, 10.386, 8588886016, 1482104810, 1482104810, 2.5e-05
28, 729.059, 11.235, 8588886016, 1526354818, 1526354818, 1.9e-05
29, 759.425, 10.7858, 8588886016, 1569161009, 1569161009, 1.8e-05
