Backup ID, Ecall, Inline_Ocall, Offline_Ocall, _Inline_FPOcall, _Inline_SFOcall, _Inline_LocalOcall, _Inline_LoadOcall, _Inline_DeltaOcall, _Inline_RecipeOcall, _Inline_Write_ContainerOcall, _inline_have_similar_chunk_num, _inline_need_load_container_num
0,4681,10917,0,0,0,0,0,0,584,157,0,0,
1,9361,17366,0,0,0,0,0,0,1168,166,0,0,
2,14039,24550,0,0,0,0,0,0,1752,175,0,0,
3,18716,30726,0,0,0,0,0,0,2336,180,0,0,
4,23390,36905,0,0,0,0,0,0,2919,188,0,0,
5,28063,43056,0,0,0,0,0,0,3502,195,0,0,
6,32735,49210,0,0,0,0,0,0,4085,203,0,0,
7,37404,55480,0,0,0,0,0,0,4668,214,0,0,
8,42072,61193,0,0,0,0,0,0,5251,220,0,0,
9,46738,67458,0,0,0,0,0,0,5833,232,0,0,
10,51402,73777,0,0,0,0,0,0,6415,241,0,0,
11,56065,79436,0,0,0,0,0,0,6997,246,0,0,
12,60724,85085,0,0,0,0,0,0,7579,257,0,0,
13,65381,91347,0,0,0,0,0,0,8160,267,0,0,
14,70035,97517,0,0,0,0,0,0,8741,276,0,0,
15,74693,103652,0,0,0,0,0,0,9322,289,0,0,
16,79348,109739,0,0,0,0,0,0,9903,299,0,0,
17,84002,115800,0,0,0,0,0,0,10484,307,0,0,
18,88655,121584,0,0,0,0,0,0,11065,315,0,0,
19,93308,127759,0,0,0,0,0,0,11646,328,0,0,
20,97962,133682,0,0,0,0,0,0,12227,337,0,0,
21,102619,139779,0,0,0,0,0,0,12808,347,0,0,
22,107280,145680,0,0,0,0,0,0,13390,357,0,0,
23,111943,151598,0,0,0,0,0,0,13972,365,0,0,
24,116609,157546,0,0,0,0,0,0,14554,374,0,0,
25,121270,163897,0,0,0,0,0,0,15136,389,0,0,
26,125932,169872,0,0,0,0,0,0,15718,399,0,0,
27,130597,175871,0,0,0,0,0,0,16300,409,0,0,
28,135267,181920,0,0,0,0,0,0,16883,421,0,0,
29,139942,188036,0,0,0,0,0,0,17467,433,0,0,
