Backup ID, Logical chunk num, Unique chunk num, Base chunk num, Delta chunk num, Logical chunk size, Unique chunk size, Base chunk size, Delta chunk size, LZ4_save size, Delta_save size, 
0,598895,116850,110392,6458,8588886016,1011643262,604914270,9433911,340276575,57018506
1,1197560,122453,114806,7647,17177772032,1068656652,632302728,10305495,355063742,70984687
2,1796008,129193,119486,9707,25766658048,1140428135,658304404,14107607,375134072,92882052
3,2394289,132218,121396,10822,34355544064,1173572215,668836820,16413019,383747567,104574809
4,2992254,137183,125251,11932,42944430080,1224739981,692029799,19031777,398252260,115426145
5,3590141,141681,128631,13050,51533316096,1271368575,712308619,20793996,410517878,127748082
6,4187832,146604,132363,14241,60122202112,1321553168,734627882,23116248,423645416,140163622
7,4785201,153531,137827,15704,68711088128,1393256484,767815930,25806434,444318877,155315243
8,5382415,156743,140346,16397,77299974144,1426507946,783078876,27224903,453822123,162382044
9,5979346,164425,146544,17881,85888860160,1503145723,821422137,30267980,474225497,177230109
10,6576018,170688,151217,19471,94477746176,1570301913,846768756,32864101,496865850,193803206
11,7172565,173447,153353,20094,103066632192,1599181413,858338855,34305181,506869543,199667834
12,7768591,179273,158587,20686,111655518208,1655302694,893073364,35215152,521619552,205394626
13,8364315,186287,164001,22286,120244404224,1728219472,924025395,39014163,544360402,220819512
14,8959750,192236,168488,23748,128833290240,1791024047,949485576,41211247,564183442,236143782
15,9555592,200085,174826,25259,137422176256,1869703930,989424860,45118468,584744807,250415795
16,10151063,206500,179862,26638,146011062272,1936214316,1019220747,47918023,604877767,264197779
17,10746509,211749,183790,27959,154599948288,1990916616,1042181688,50120404,620742717,277871807
18,11341783,216232,187414,28818,163188834304,2036541023,1064190907,53090110,634333338,284926668
19,11937069,224744,194185,30559,171777720320,2125378546,1103384841,54991968,663128815,303872922
20,12532503,230313,198595,31718,180366606336,2183767775,1129615728,57265987,680790624,316095436
21,13128330,236831,203636,33195,188955492352,2252007329,1160568687,62169119,700129835,329139688
22,13724614,242852,208488,34364,197544378368,2314349175,1190513712,64949153,718182163,340704147
23,14321201,248008,212500,35508,206133264384,2367327048,1214425329,65598435,733583506,353719778
24,14918079,253296,216507,36789,214722150400,2422851705,1238060570,67861594,749715991,367213550
25,15514344,263864,225238,38626,223311036416,2532991177,1288412012,72093214,788350937,384135014
26,16110797,270198,230352,39846,231899922432,2599455402,1318146705,75709327,810479801,395119569
27,16707645,276189,234967,41222,240488808448,2662676451,1345555548,78301852,829408450,409410601
28,17305024,284120,241319,42801,249077694464,2744938978,1383324817,82434789,854599672,424579700
29,17903139,291725,247351,44374,257666580480,2824004350,1419863279,83177553,878214509,442749009
