Backup ID, FPindex, SFindex, Deltaindex
0,9348000,21100928,285216
1,9796240,21947904,346272
2,10335440,22845120,449536
3,10577440,23210432,499136
4,10974640,23950400,549760
5,11334480,24598208,598720
6,11728320,25313984,649728
7,12282480,26362240,713952
8,12539440,26845568,744128
9,13154000,28035008,806784
10,13655040,28930496,874528
11,13875760,29339904,901216
12,14341840,30344576,925472
13,14902960,31382976,994944
14,15378880,32243392,1056896
15,16006800,33459008,1121440
16,16520000,34424768,1181088
17,16939920,35178048,1236256
18,17298560,35873536,1273600
19,17979520,37170944,1346112
20,18425040,38017152,1396128
21,18946480,38983040,1457408
22,19428160,39914368,1508096
23,19840640,40683584,1556160
24,20263680,41451584,1611360
25,21109120,43126080,1687392
26,21615840,44106880,1738496
27,22095120,44991680,1796000
28,22729600,46209792,1863008
29,23338000,47366400,1930144
