Backup ID, Online Delta_save, Offline Delta_save, Offline delta time, Offline dedelta time, Offline delete time, Offline Delta chunk num
0,0,57018506,6458,0,123,6458
1,0,70984687,9465,1818,210,7647
2,0,92882052,13911,4204,321,9707
3,0,104574809,18240,7418,407,10822
4,0,115426145,22945,11013,506,11932
5,0,127748082,28146,15096,612,13050
6,0,140163622,33931,19690,723,14241
7,0,155315243,40550,24846,852,15704
8,0,162382044,45161,28764,959,16397
9,0,177230109,51308,33427,1104,17881
10,0,193803206,58039,38568,1256,19471
11,0,199667834,63809,43715,1382,20094
12,0,205394626,69187,48501,1494,20686
13,0,220819512,76560,54274,1667,22286
14,0,236143782,84917,61169,1838,23748
15,0,250415795,93361,68102,2011,25259
16,0,264197779,102601,75963,2190,26638
17,0,277871807,111769,83810,2366,27959
18,0,284926668,120323,91505,2522,28818
19,0,303872922,130999,100440,2734,30559
20,0,316095436,140699,108981,2917,31718
21,0,329139688,151352,118157,3117,33195
22,0,340704147,162414,128050,3323,34364
23,0,353719778,173843,138335,3519,35508
24,0,367213550,185250,148461,3736,36789
25,0,384135014,198612,159986,3983,38626
26,0,395119569,210906,171060,4198,39846
27,0,409410601,224769,183547,4419,41222
28,0,424579700,237618,194817,4652,42801
29,0,442749009,252946,208572,4895,44374
