BackupID, OnlineSpeed(MB/s), Encalve ProcessTime(s), BackupSize, OnlineSize, OfflineSize, OfflineTime(s)
0, 461.131, 17.7628, 8588886016, 628342123, 614348181, 13.7926
1, 744.95, 10.9954, 8588886016, 645756380, 642608223, 4.2215
2, 782.805, 10.4636, 8588886016, 675942242, 672412011, 6.36299
3, 788.316, 10.3905, 8588886016, 686773439, 685249839, 4.93656
4, 793.831, 10.3183, 8588886016, 712496753, 711061576, 5.39948
5, 799.777, 10.2416, 8588886016, 735383030, 733102615, 5.84682
6, 796.455, 10.2843, 8588886016, 759730910, 757744130, 6.36869
7, 697.282, 11.747, 8588886016, 796637749, 793622364, 7.35821
8, 811.014, 10.0997, 8588886016, 811679477, 810303779, 4.8848
9, 762.279, 10.7454, 8588886016, 854267814, 851690117, 7.00833
10, 758.68, 10.7964, 8588886016, 882990060, 879632857, 7.57878
11, 724.634, 11.3036, 8588886016, 893886060, 892644036, 5.66709
12, 797.032, 10.2769, 8588886016, 929568411, 928288516, 5.10654
13, 764.514, 10.714, 8588886016, 965394514, 963039558, 8.12115
14, 772.254, 10.6066, 8588886016, 994363077, 990696823, 8.83162
15, 734.125, 11.1575, 8588886016, 1036508829, 1034543328, 8.82967
16, 767.068, 10.6783, 8588886016, 1070142363, 1067138770, 9.51483
17, 780.426, 10.4956, 8588886016, 1095144925, 1092302092, 9.40992
18, 781.953, 10.4751, 8588886016, 1117870799, 1117281017, 7.99833
19, 764.454, 10.7148, 8588886016, 1163343389, 1158376809, 11.0463
20, 791.991, 10.3423, 8588886016, 1189313632, 1186881715, 9.47459
21, 785.427, 10.4287, 8588886016, 1223687455, 1222737806, 10.793
22, 735.399, 11.1382, 8588886016, 1257708354, 1255462865, 11.1043
23, 698.636, 11.7243, 8588886016, 1283774207, 1280023764, 10.7904
24, 793.26, 10.3257, 8588886016, 1309084569, 1305922164, 11.4412
25, 719.035, 11.3917, 8588886016, 1363521458, 1360505226, 13.786
26, 754.14, 10.8614, 8588886016, 1395284285, 1393856032, 12.148
27, 721.016, 11.3604, 8588886016, 1426828497, 1423857400, 13.233
28, 752.329, 10.8875, 8588886016, 1468243155, 1465759606, 12.8189
29, 746.703, 10.9696, 8588886016, 1508732373, 1503040832, 14.6868
