Backup ID, Ecall, Inline_Ocall, Offline_Ocall, _Inline_FPOcall, _Inline_SFOcall, _Inline_LocalOcall, _Inline_LoadOcall, _Inline_DeltaOcall, _Inline_RecipeOcall, _Inline_Write_ContainerOcall, _inline_have_similar_chunk_num, _inline_need_load_container_num
0,4681,7527,123882,1132,1132,665,0,4014,584,158,6465,1289,
1,9361,13437,204333,1456,1456,885,0,8472,1168,166,7654,1662,
2,14039,19569,308536,1892,1892,1217,0,12816,1752,175,9714,2249,
3,18716,25330,390823,2143,2143,1404,0,17304,2336,179,10829,2661,
4,23390,31187,481021,2444,2444,1622,0,21758,2919,186,11939,3084,
5,28063,36997,572993,2722,2722,1814,0,26237,3502,193,13057,3526,
6,32735,42888,670841,3041,3041,2046,0,30675,4085,200,14248,4051,
7,37404,48828,779871,3386,3386,2304,0,35084,4668,210,15712,4684,
8,42072,54471,866252,3583,3583,2457,0,39597,5251,215,16405,5036,
9,46738,60493,985292,3971,3971,2722,0,43996,5833,227,17889,5749,
10,51402,66409,1106109,4307,4307,2989,0,48391,6415,235,19480,6468,
11,56065,72038,1206313,4500,4500,3126,0,52915,6997,239,20103,6804,
12,60724,77741,1295524,4732,4732,3275,0,57423,7579,249,20695,7114,
13,65381,83669,1428896,5078,5078,3528,0,61825,8160,259,22295,7838,
14,70035,89702,1563518,5478,5478,3810,0,66195,8741,267,23757,8523,
15,74693,95693,1697481,5855,5855,4081,0,70580,9322,279,25268,9237,
16,79348,101727,1839388,6255,6255,4353,0,74961,9903,288,26647,9919,
17,84002,107700,1979667,6625,6625,4606,0,79360,10484,296,27968,10545,
18,88655,113584,2103828,6951,6951,4825,0,83792,11065,303,28827,11012,
19,93308,119736,2269534,7411,7411,5163,0,88105,11646,315,30568,11912,
20,97962,125721,2410280,7787,7787,5421,0,92499,12227,323,31727,12561,
21,102619,131819,2566748,8218,8218,5738,0,96837,12808,333,33204,13352,
22,107280,137902,2731118,8639,8639,6022,0,101212,13390,342,34373,14049,
23,111943,143931,2884465,9032,9032,6303,0,105592,13972,350,35517,14685,
24,116609,149963,3054945,9425,9425,6570,0,109989,14554,358,36798,15414,
25,121270,156182,3248287,9914,9914,6927,0,114291,15136,373,38635,16338,
26,125932,162274,3422063,10339,10339,7221,0,118657,15718,382,39855,17058,
27,130597,168391,3598658,10775,10775,7517,0,123024,16300,391,41231,17822,
28,135267,174566,3780733,11237,11237,7856,0,127353,16883,403,42810,18732,
29,139942,180821,3974794,11736,11736,8211,0,131671,17467,414,44383,19586,
