Backup ID, Logical chunk num, Unique chunk num, Base chunk num, Delta chunk num, Logical chunk size, Unique chunk size, Base chunk size, Delta chunk size, LZ4_save size, Delta_save size, 
0,598895,116850,111550,5300,8588886016,1011643262,609325307,5687747,347734983,48895225
1,1197560,122453,115966,6487,17177772032,1068656652,636625235,7992259,362609575,61429583
2,1796008,129193,120657,8536,25766658048,1140428135,662478908,11818956,382973129,83157142
3,2394289,132218,122601,9617,34355544064,1173572215,673025407,13540453,392010623,94995732
4,2992254,137183,126486,10697,42944430080,1224739981,696214682,16314973,406860367,105349959
5,3590141,141681,129887,11794,51533316096,1271368575,716527472,18459049,419373571,117008483
6,4187832,146604,133645,12959,60122202112,1321553168,738962438,21557542,432725135,128308053
7,4785201,153531,139196,14335,68711088128,1393256484,772319864,22558942,454331308,144046370
8,5382415,156743,141734,15009,77299974144,1426507946,787633635,23903217,464068713,150902381
9,5979346,164425,147978,16447,85888860160,1503145723,826148386,27590727,484906907,164499703
10,6576018,170688,152684,18004,94477746176,1570301913,851572479,30190554,507812400,180726480
11,7172565,173447,154851,18596,103066632192,1599181413,863219201,31448191,518131741,186382280
12,7768591,179273,160102,19171,111655518208,1655302694,898007429,31719145,532970667,192605453
13,8364315,186287,165562,20725,120244404224,1728219472,929161092,35450227,556148000,207460153
14,8959750,192236,170081,22155,128833290240,1791024047,954723554,37660424,576269078,222370991
15,9555592,200085,176448,23637,137422176256,1869703930,994780888,41309717,597056760,236556565
16,10151063,206500,181515,24985,146011062272,1936214316,1024693162,43695749,617474895,250350510
17,10746509,211749,185467,26282,154599948288,1990916616,1047735998,46285380,633588875,263306363
18,11341783,216232,189107,27125,163188834304,2036541023,1069791555,48423097,647321070,271005301
19,11937069,224744,195913,28831,171777720320,2125378546,1109061785,52069360,676389327,287858074
20,12532503,230313,200346,29967,180366606336,2183767775,1135348696,53035917,694336947,301046215
21,13128330,236831,205415,31416,188955492352,2252007329,1166426410,56717921,713932093,314930905
22,13724614,242852,210290,32562,197544378368,2314349175,1196446371,59063996,732194234,326644574
23,14321201,248008,214322,33686,206133264384,2367327048,1220418642,61363647,747751480,337793279
24,14918079,253296,218348,34948,214722150400,2422851705,1244116712,63428095,764050008,351256890
25,15514344,263864,227106,36758,223311036416,2532991177,1294594328,68361993,802904300,367130556
26,16110797,270198,232226,37972,231899922432,2599455402,1324314205,69308209,825098009,380734979
27,16707645,276189,236858,39331,240488808448,2662676451,1351804870,73114931,844200990,393555660
28,17305024,284120,243226,40894,249077694464,2744938978,1389619512,75149240,869528543,410641683
29,17903139,291725,249284,42441,257666580480,2824004350,1426230434,78080034,893368773,426325109
