Backup ID, FPindex, SFindex, Deltaindex
0,9348000,21201344,235264
1,9796240,22047168,296448
2,10335440,22946304,399904
3,10577440,23319296,448800
4,10974640,24064320,498720
5,11334480,24715392,547328
6,11728320,25435648,597984
7,12282480,26495296,660000
8,12539440,26982144,690016
9,13154000,28179136,751520
10,13655040,29080448,818720
11,13875760,29495296,844704
12,14341840,30503360,868608
13,14902960,31550528,937056
14,15378880,32416576,998688
15,16006800,33637376,1063072
16,16520000,34608960,1122336
17,16939920,35367360,1177440
18,17298560,36066240,1214624
19,17979520,37370368,1286880
20,18425040,38220800,1336320
21,18946480,39192768,1397600
22,19428160,40128192,1447936
23,19840640,40901504,1495936
24,20263680,41673280,1550976
25,21109120,43353664,1626336
26,21615840,44335936,1677696
27,22095120,45224192,1735168
28,22729600,46445376,1802304
29,23338000,47607488,1868960
