Backup ID, Online Delta_save, Offline Delta_save, Offline delta time, Offline dedelta time, Offline delete time, Offline Delta chunk num
0,32715925,16179300,3469,1754,64,1715
1,42818780,18610803,5527,3601,93,1926
2,61508013,21649129,8360,6137,134,2223
3,69780762,25214970,11337,8844,177,2493
4,78176678,27173281,14863,12105,225,2758
5,83389704,33618779,19209,15846,297,3363
6,89691800,38616253,23969,20045,373,3924
7,96155711,47890659,29396,24741,465,4655
8,100865871,50036510,33307,28439,532,4868
9,106930115,57569588,38570,32889,635,5681
10,113121734,67604746,44423,37822,753,6601
11,116286914,70095366,49660,42798,841,6862
12,119368890,73236563,55085,48021,919,7064
13,124153141,83307012,62269,54151,1057,8118
14,129776127,92594864,69241,60286,1209,8955
15,135729637,100826928,76732,66928,1359,9804
16,141862148,108488362,84517,73984,1496,10533
17,146646017,116660346,92936,81606,1656,11330
18,151187796,119817505,100123,88446,1779,11677
19,157527963,130330111,109796,97076,1957,12720
20,162706011,138340204,118747,105386,2118,13361
21,169106988,145823917,128003,113813,2288,14190
22,175153408,151491166,136905,122147,2446,14758
23,180261118,157532161,147043,131678,2609,15365
24,184947577,166309313,157272,141109,2786,16163
25,191241080,175889476,168849,151660,2985,17189
26,196580304,184154675,179968,162135,3169,17833
27,202055880,191499780,192466,173827,3362,18639
28,208790441,201851242,205230,185710,3582,19520
29,216293535,210031574,218184,197877,3771,20307
