BackupID, OnlineSpeed(MB/s), Encalve ProcessTime(s), BackupSize, OnlineSize, OfflineSize, OfflineTime(s)
0, 441.799, 18.5401, 8588886016, 620336295, 615013054, 4.73371
1, 747.041, 10.9646, 8588886016, 644869535, 644617494, 1.9466
2, 766.218, 10.6902, 8588886016, 674283356, 674297864, 2.6963
3, 793.082, 10.3281, 8588886016, 687416530, 686565860, 2.79399
4, 743.691, 11.014, 8588886016, 711967162, 712529655, 3.12773
5, 770.439, 10.6316, 8588886016, 735615333, 734986521, 4.18319
6, 712.699, 11.4929, 8588886016, 760435906, 760519980, 4.42999
7, 705.484, 11.6105, 8588886016, 797711810, 794878806, 5.16677
8, 767.932, 10.6663, 8588886016, 812006344, 811536852, 3.39411
9, 739.227, 11.0805, 8588886016, 854116980, 853739113, 5.13483
10, 750.201, 10.9184, 8588886016, 883479876, 881763033, 5.77485
11, 803.508, 10.194, 8588886016, 895162313, 894667392, 4.44906
12, 790.526, 10.3615, 8588886016, 931025087, 929726574, 4.37868
13, 743.132, 11.0223, 8588886016, 965468976, 964611319, 6.68517
14, 764.602, 10.7128, 8588886016, 994830755, 992383978, 6.58605
15, 709.854, 11.539, 8588886016, 1036907621, 1036090605, 7.00173
16, 704.877, 11.6205, 8588886016, 1070165405, 1068388911, 6.81019
17, 753.529, 10.8702, 8588886016, 1095427059, 1094021378, 7.67278
18, 731.163, 11.2027, 8588886016, 1118542439, 1118214652, 6.05227
19, 748.9, 10.9374, 8588886016, 1162569431, 1161131145, 8.87102
20, 781.733, 10.478, 8588886016, 1190967191, 1188384613, 7.87222
21, 737.663, 11.104, 8588886016, 1223606747, 1223144331, 8.26963
22, 747.867, 10.9525, 8588886016, 1256576289, 1255510367, 7.71924
23, 755.479, 10.8421, 8588886016, 1282715981, 1281782289, 8.34457
24, 724.126, 11.3116, 8588886016, 1309615265, 1307544807, 9.23172
25, 690.797, 11.8573, 8588886016, 1363848888, 1362956321, 10.3194
26, 753.863, 10.8654, 8588886016, 1396337001, 1393622414, 9.75518
27, 767.362, 10.6742, 8588886016, 1425318138, 1424919801, 10.7428
28, 672.592, 12.1783, 8588886016, 1467830152, 1464768752, 11.3415
29, 752.131, 10.8904, 8588886016, 1505981870, 1504310468, 11.1166
