Backup ID, Ecall, Inline_Ocall, Offline_Ocall, _Inline_FPOcall, _Inline_SFOcall, _Inline_LocalOcall, _Inline_LoadOcall, _Inline_DeltaOcall, _Inline_RecipeOcall, _Inline_Write_ContainerOcall, _inline_have_similar_chunk_num, _inline_need_load_container_num
0,4681,8519,65472,1132,1132,60,992,4619,584,157,6490,1273,
1,9361,14509,97200,1456,1456,71,1072,9286,1168,165,7688,1637,
2,14039,20763,139538,1892,1892,86,1194,13947,1752,173,9741,2217,
3,18716,26597,181974,2143,2143,106,1267,18602,2336,177,10822,2600,
4,23390,32549,230460,2444,2444,123,1362,23257,2919,185,11902,3007,
5,28063,38452,294311,2722,2722,159,1455,27892,3502,192,13001,3446,
6,32735,44447,362571,3041,3041,198,1559,32523,4085,200,14166,3942,
7,37404,50559,439428,3386,3386,250,1731,37138,4668,211,15593,4534,
8,42072,56284,492085,3583,3583,269,1813,41785,5251,217,16267,4853,
9,46738,62450,575633,3971,3971,329,1957,46389,5833,229,17713,5503,
10,51402,68501,668557,4307,4307,391,2092,50989,6415,238,19272,6184,
11,56065,74221,737740,4500,4500,413,2183,55628,6997,243,19871,6505,
12,60724,79998,799237,4732,4732,433,2257,60265,7579,253,20447,6789,
13,65381,86071,905490,5078,5078,505,2402,64848,8160,263,22001,7473,
14,70035,92238,1020313,5478,5478,567,2536,69438,8741,272,23433,8140,
15,74693,98368,1136017,5855,5855,638,2675,74023,9322,284,24915,8860,
16,79348,104566,1243100,6255,6255,696,2839,78618,9903,294,26263,9527,
17,84002,110680,1365925,6625,6625,759,2980,83207,10484,302,27560,10169,
18,88655,116685,1461599,6951,6951,794,3101,87823,11065,309,28404,10632,
19,93308,123019,1599155,7411,7411,874,3283,92394,11646,321,30111,11503,
20,97962,129145,1723195,7787,7787,936,3424,96984,12227,330,31249,12137,
21,102619,135413,1853458,8218,8218,1004,3594,101571,12808,340,32698,12921,
22,107280,141662,1976876,8639,8639,1055,3760,106179,13390,350,33844,13588,
23,111943,147843,2102797,9032,9032,1115,3912,110780,13972,358,34969,14241,
24,116609,154038,2240380,9425,9425,1190,4075,115369,14554,366,36231,14945,
25,121270,160437,2391716,9914,9914,1277,4255,119941,15136,381,38041,15854,
26,125932,166728,2530760,10339,10339,1340,4454,124538,15718,391,39255,16576,
27,130597,173023,2680325,10775,10775,1419,4632,129122,16300,400,40614,17352,
28,135267,179382,2845175,11237,11237,1508,4816,133701,16883,412,42178,18251,
29,139942,185826,2997183,11736,11736,1577,5005,138305,17467,423,43726,19097,
