Backup ID, Logical chunk num, Unique chunk num, Base chunk num, Delta chunk num, Logical chunk size, Unique chunk size, Base chunk size, Delta chunk size, LZ4_save size, Delta_save size, 
0,598895,116850,112010,4840,8588886016,1011643262,611770764,6036105,349460925,44375468
1,1197560,122453,116418,6035,17177772032,1068656652,639012590,8366983,364279976,56997103
2,1796008,129193,121100,8093,25766658048,1140428135,664808627,12217950,384575649,78825909
3,2394289,132218,123046,9172,34355544064,1173572215,675356970,14535381,393618130,90061734
4,2992254,137183,126930,10253,42944430080,1224739981,698523906,16593961,408500442,101121672
5,3590141,141681,130333,11348,51533316096,1271368575,718764717,18844520,421085581,112673757
6,4187832,146604,134101,12503,60122202112,1321553168,741201319,21193683,434607284,124550882
7,4785201,153531,139606,13925,68711088128,1393256484,774387605,24304439,455839553,138724887
8,5382415,156743,142158,14585,77299974144,1426507946,789758189,25579420,465678539,145491798
9,5979346,164425,148426,15999,85888860160,1503145723,828265743,28667489,486763357,159449134
10,6576018,170688,153153,17535,94477746176,1570301913,853686115,32109910,509946114,174559774
11,7172565,173447,155321,18126,103066632192,1599181413,865359779,33338856,520250992,180231786
12,7768591,179273,160581,18692,111655518208,1655302694,900173608,34621233,535182574,185325279
13,8364315,186287,166079,20208,120244404224,1728219472,931411294,37995750,558714455,200097973
14,8959750,192236,170619,21617,128833290240,1791024047,957029815,41065520,579138768,213789944
15,9555592,200085,177018,23067,137422176256,1869703930,997129976,44284382,600335468,227954104
16,10151063,206500,182111,24389,146011062272,1936214316,1027116431,47151667,621026108,240920110
17,10746509,211749,186112,25637,154599948288,1990916616,1050263439,49925393,637589004,253138780
18,11341783,216232,189776,26456,163188834304,2036541023,1072395255,51631629,651550633,260963506
19,11937069,224744,196638,28106,171777720320,2125378546,1111842829,55318134,681097151,277120432
20,12532503,230313,201105,29208,180366606336,2183767775,1138208697,57528426,699387249,288643403
21,13128330,236831,206227,30604,188955492352,2252007329,1169466374,60649149,719398327,302493479
22,13724614,242852,211138,31714,197544378368,2314349175,1199627275,62811860,737992189,313917851
23,14321201,248008,215195,32813,206133264384,2367327048,1223667690,65284163,753850158,324525037
24,14918079,253296,219267,34029,214722150400,2422851705,1247467125,67760515,770557889,337066176
25,15514344,263864,228074,35790,223311036416,2532991177,1298069709,71800872,809856047,353264549
26,16110797,270198,233239,36959,231899922432,2599455402,1327968660,74362780,832507081,364616881
27,16707645,276189,237912,38277,240488808448,2662676451,1355598629,77385821,851987340,377704661
28,17305024,284120,244336,39784,249077694464,2744938978,1393610069,80692710,877838909,392797290
29,17903139,291725,250449,41276,257666580480,2824004350,1430439472,83852491,902143455,407568932
