Backup ID, FPindex, SFindex, Deltaindex
0,9348000,21229120,211520
1,9796240,22075392,273344
2,10335440,22974144,376768
3,10577440,23347776,425536
4,10974640,24093440,475456
5,11334480,24746752,523968
6,11728320,25470208,574368
7,12282480,26527040,638208
8,12539440,27017024,667872
9,13154000,28220480,728768
10,13655040,29128064,795680
11,13875760,29544320,821632
12,14341840,30554240,845600
13,14902960,31609856,913152
14,15378880,32481536,975040
15,16006800,33710144,1038656
16,16520000,34688000,1097440
17,16939920,35456192,1151200
18,17298560,36159680,1188000
19,17979520,37477184,1258976
20,18425040,38334848,1307968
21,18946480,39318272,1368000
22,19428160,40261184,1417824
23,19840640,41040128,1465632
24,20263680,41821952,1520032
25,21109120,43512896,1594912
26,21615840,44504576,1645632
27,22095120,45401792,1702592
28,22729600,46635200,1768512
29,23338000,47808896,1834208
