BackupID, OnlineSpeed(MB/s), Encalve ProcessTime(s), BackupSize, OnlineSize, OfflineSize, OfflineTime(s)
0, 438.998, 18.6584, 8588886016, 617806869, 617806869, 0.001073
1, 778.493, 10.5216, 8588886016, 647379573, 647379573, 0.001066
2, 735.409, 11.138, 8588886016, 677026577, 677026577, 0.001173
3, 785.422, 10.4288, 8588886016, 689892351, 689892351, 0.001107
4, 724.781, 11.3014, 8588886016, 715117867, 715117867, 0.00116
5, 754.296, 10.8591, 8588886016, 737609237, 737609237, 0.00119
6, 768.424, 10.6595, 8588886016, 762395002, 762395002, 0.001203
7, 757.272, 10.8165, 8588886016, 798692044, 798692044, 0.00128
8, 775.537, 10.5617, 8588886016, 815337609, 815337609, 0.001293
9, 746.366, 10.9745, 8588886016, 856933232, 856933232, 0.001395
10, 739.916, 11.0702, 8588886016, 885796025, 885796025, 0.001413
11, 800.313, 10.2347, 8588886016, 898698635, 898698635, 0.001409
12, 778.264, 10.5247, 8588886016, 934794841, 934794841, 0.001452
13, 745.46, 10.9878, 8588886016, 969407044, 969407044, 0.001498
14, 756.84, 10.8226, 8588886016, 998095335, 998095335, 0.001541
15, 709.048, 11.5521, 8588886016, 1041414358, 1041414358, 0.001661
16, 745.288, 10.9904, 8588886016, 1074268098, 1074268098, 0.001621
17, 725.342, 11.2926, 8588886016, 1100188832, 1100188832, 0.001733
18, 769.625, 10.6429, 8588886016, 1124026884, 1124026884, 0.001797
19, 691.604, 11.8435, 8588886016, 1167160963, 1167160963, 0.001828
20, 744.641, 10.9999, 8588886016, 1195737123, 1195737123, 0.001863
21, 667.217, 12.2764, 8588886016, 1230115523, 1230115523, 0.001958
22, 744.687, 10.9992, 8588886016, 1262439135, 1262439135, 0.001956
23, 703.37, 11.6454, 8588886016, 1288951853, 1288951853, 0.001967
24, 727.758, 11.2551, 8588886016, 1315227640, 1315227640, 0.002004
25, 695.634, 11.7749, 8588886016, 1369870581, 1369870581, 0.002241
26, 703.586, 11.6418, 8588886016, 1402331440, 1402331440, 0.002313
27, 729.76, 11.2242, 8588886016, 1432984450, 1432984450, 0.002414
28, 687.347, 11.9168, 8588886016, 1474302779, 1474302779, 0.002283
29, 712.404, 11.4977, 8588886016, 1514291963, 1514291963, 0.002334
