Backup ID, Ecall, Inline_Ocall, Offline_Ocall, _Inline_FPOcall, _Inline_SFOcall, _Inline_LocalOcall, _Inline_LoadOcall, _Inline_DeltaOcall, _Inline_RecipeOcall, _Inline_Write_ContainerOcall, _inline_have_similar_chunk_num, _inline_need_load_container_num
0,4681,8620,5,1132,1132,0,1093,4679,584,156,6507,1279,
1,9361,14635,10,1456,1456,0,1198,9357,1168,164,7703,1640,
2,14039,20931,15,1892,1892,0,1362,14033,1752,173,9761,2242,
3,18716,26806,20,2143,2143,0,1476,18708,2336,177,10840,2649,
4,23390,32793,25,2444,2444,0,1606,23380,2919,184,11921,3077,
5,28063,38757,30,2722,2722,0,1760,28051,3502,191,13017,3522,
6,32735,44842,35,3041,3041,0,1954,32721,4085,198,14172,4056,
7,37404,51004,40,3386,3386,0,2176,37388,4668,208,15596,4680,
8,42072,56779,45,3583,3583,0,2308,42054,5251,213,16256,5020,
9,46738,63075,50,3971,3971,0,2582,46718,5833,224,17670,5695,
10,51402,69293,55,4307,4307,0,2884,51380,6415,232,19206,6397,
11,56065,75069,60,4500,4500,0,3031,56041,6997,236,19797,6720,
12,60724,80913,65,4732,4732,0,3172,60698,7579,246,20363,7025,
13,65381,87189,70,5078,5078,0,3520,65353,8160,255,21879,7747,
14,70035,93570,75,5478,5478,0,3868,70005,8741,263,23288,8506,
15,74693,99963,80,5855,5855,0,4270,74661,9322,275,24738,9320,
16,79348,106382,85,6255,6255,0,4655,79314,9903,284,26060,10057,
17,84002,112745,90,6625,6625,0,5045,83966,10484,291,27308,10765,
18,88655,118884,95,6951,6951,0,5300,88617,11065,298,28127,11277,
19,93308,125595,100,7411,7411,0,5859,93268,11646,309,29777,12282,
20,97962,131971,105,7787,7787,0,6250,97920,12227,317,30879,12955,
21,102619,138541,110,8218,8218,0,6722,102575,12808,326,32275,13808,
22,107280,145067,115,8639,8639,0,7165,107234,13390,335,33385,14553,
23,111943,151526,120,9032,9032,0,7595,111895,13972,343,34484,15267,
24,116609,158055,125,9425,9425,0,8092,116559,14554,350,35700,16053,
25,121270,164936,130,9914,9914,0,8754,121218,15136,365,37461,17090,
26,125932,171512,135,10339,10339,0,9238,125878,15718,374,38630,17869,
27,130597,178177,140,10775,10775,0,9786,130541,16300,382,39948,18749,
28,135267,184998,145,11237,11237,0,10432,135209,16883,393,41455,19768,
29,139942,191865,150,11736,11736,0,11044,139882,17467,404,42947,20735,
