Backup ID, Logical chunk num, Unique chunk num, Base chunk num, Delta chunk num, Logical chunk size, Unique chunk size, Base chunk size, Delta chunk size, LZ4_save size, Delta_save size, 
0,598895,116850,111922,4928,8588886016,1011643262,611393285,6334656,348993726,44921595
1,1197560,122453,116330,6123,17177772032,1068656652,638635111,8665534,363812777,57543230
2,1796008,129193,121013,8180,25766658048,1140428135,664433938,12525489,384122044,79346664
3,2394289,132218,122959,9259,34355544064,1173572215,674982281,14842920,393164525,90582489
4,2992254,137183,126844,10339,42944430080,1224739981,698152070,16907683,408060248,101619980
5,3590141,141681,130246,11435,51533316096,1271368575,718390003,19159147,420632001,113187424
6,4187832,146604,134014,12590,60122202112,1321553168,740826605,21517359,434153704,125055500
7,4785201,153531,139519,14012,68711088128,1393256484,774008236,23793270,455382553,140072425
8,5382415,156743,142071,14672,77299974144,1426507946,789374022,25041736,465221573,146870615
9,5979346,164425,148338,16087,85888860160,1503145723,827882027,27657514,486299560,161306622
10,6576018,170688,153126,17562,94477746176,1570301913,853453288,30689087,510065629,176093909
11,7172565,173447,155294,18153,103066632192,1599181413,865128187,31882485,520374614,181796127
12,7768591,179273,160554,18719,111655518208,1655302694,899942016,33134656,535306196,186919826
13,8364315,186287,166051,20236,120244404224,1728219472,931188452,36355595,558806484,201868941
14,8959750,192236,170592,21644,128833290240,1791024047,956810347,40102811,579291820,214819069
15,9555592,200085,177031,23054,137422176256,1869703930,997011132,42649029,600869102,229174667
16,10151063,206500,182121,24379,146011062272,1936214316,1026985957,45407128,621531560,242289671
17,10746509,211749,186123,25626,154599948288,1990916616,1050132161,48118695,638106735,254559025
18,11341783,216232,189787,26445,163188834304,2036541023,1072263977,49765904,652068364,262442778
19,11937069,224744,196652,28092,171777720320,2125378546,1111716715,52293693,681646692,279721446
20,12532503,230313,201146,29167,180366606336,2183767775,1138150677,54276698,700185721,291154679
21,13128330,236831,206268,30563,188955492352,2252007329,1169416855,58333115,720192781,304064578
22,13724614,242852,211178,31674,197544378368,2314349175,1199572398,59555597,738786718,316434462
23,14321201,248008,215235,32773,206133264384,2367327048,1223611924,61905969,754650115,327159040
24,14918079,253296,219304,33992,214722150400,2422851705,1247408857,65481440,771338549,338622859
25,15514344,263864,228115,35749,223311036416,2532991177,1298020656,68748643,810663865,355558013
26,16110797,270198,233291,36907,231899922432,2599455402,1327982642,71227430,833393019,366852311
27,16707645,276189,237964,38225,240488808448,2662676451,1355625601,74054416,852853513,380142921
28,17305024,284120,244384,39736,249077694464,2744938978,1393616767,76995100,878670222,395656889
29,17903139,291725,250490,41235,257666580480,2824004350,1430426307,79670062,902914274,410993707
