Backup ID, FPindex, SFindex, Deltaindex
0,9348000,21221824,216288
1,9796240,22068096,278080
2,10335440,22967040,381376
3,10577440,23340672,430144
4,10974640,24086528,480032
5,11334480,24739648,528576
6,11728320,25463104,578944
7,12282480,26519680,642816
8,12539440,27009472,672448
9,13154000,28212480,733344
10,13655040,29125504,798112
11,13875760,29541760,824160
12,14341840,30551680,848128
13,14902960,31607040,915744
14,15378880,32478592,977664
15,16006800,33710400,1040128
16,16520000,34687680,1099008
17,16939920,35456064,1152704
18,17298560,36159552,1189536
19,17979520,37477056,1260448
20,18425040,38336832,1308544
21,18946480,39320064,1368544
22,19428160,40262656,1418400
23,19840640,41041600,1466240
24,20263680,41822656,1520672
25,21109120,43513664,1595456
26,21615840,44506944,1645696
27,22095120,45403968,1702592
28,22729600,46636480,1768672
29,23338000,47808704,1834688
