Backup ID, Online Delta_save, Offline Delta_save, Offline delta time, Offline dedelta time, Offline delete time, Offline Delta chunk num
0,44921595,0,0,0,0,0
1,57543230,0,0,0,0,0
2,79346664,0,0,0,0,0
3,90582489,0,0,0,0,0
4,101619980,0,0,0,0,0
5,113187424,0,0,0,0,0
6,125055500,0,0,0,0,0
7,138822825,1249600,2716,2676,23,40
8,145621015,1249600,2716,2676,23,40
9,159293027,2013595,7290,7199,50,91
10,174080314,2013595,7290,7199,50,91
11,179782532,2013595,7290,7199,50,91
12,184906231,2013595,7290,7199,50,91
13,199328770,2540171,12142,12001,85,141
14,212319420,2499649,16788,16569,128,219
15,225768081,3406586,22428,22160,175,268
16,238883085,3406586,22428,22160,175,268
17,251152439,3406586,22428,22160,175,268
18,259036192,3406586,22428,22160,175,268
19,274853186,4868260,27204,26886,224,318
20,286286419,4868260,27204,26886,224,318
21,299742017,4322561,35729,35362,278,367
22,310915802,5518660,40541,40135,312,406
23,321640380,5518660,40541,40135,312,406
24,333839970,4782889,45858,45411,352,447
25,349334137,6223876,53123,52585,412,538
26,360462737,6389574,58774,58209,437,565
27,373084467,7058454,66315,65685,508,630
28,388209175,7447714,68009,67354,541,655
29,402940040,8053667,74282,73594,576,688
