BackupID, OnlineSpeed(MB/s), Encalve ProcessTime(s), BackupSize, OnlineSize, OfflineSize, OfflineTime(s)
0, 433.083, 18.9132, 8588886016, 617727941, 617727941, 0.001126
1, 784.296, 10.4438, 8588886016, 647300645, 647300645, 0.001036
2, 754.684, 10.8535, 8588886016, 676959427, 676959427, 0.001188
3, 795.011, 10.303, 8588886016, 689825201, 689825201, 0.001097
4, 756.409, 10.8288, 8588886016, 715059753, 715059753, 0.001136
5, 775.423, 10.5633, 8588886016, 737549150, 737549150, 0.001227
6, 758.147, 10.804, 8588886016, 762343964, 762343964, 0.001253
7, 760.686, 10.7679, 8588886016, 798646312, 797801506, 2.1111
8, 794.031, 10.3157, 8588886016, 814415758, 814415758, 0.001278
9, 754.637, 10.8542, 8588886016, 855892003, 855539541, 3.2696
10, 695.619, 11.7751, 8588886016, 884142375, 884142375, 0.001458
11, 790.475, 10.3621, 8588886016, 897010672, 897010672, 0.00139
12, 758.244, 10.8026, 8588886016, 933076672, 933076672, 0.001444
13, 706.679, 11.5908, 8588886016, 967586366, 967544047, 3.37638
14, 741.618, 11.0448, 8588886016, 996127424, 996913158, 3.56433
15, 712.133, 11.5021, 8588886016, 1040082462, 1039660161, 4.22332
16, 726.503, 11.2746, 8588886016, 1072393085, 1072393085, 0.001636
17, 765.845, 10.6954, 8588886016, 1098250856, 1098250856, 0.001774
18, 764.241, 10.7178, 8588886016, 1122029881, 1122029881, 0.001825
19, 705.456, 11.6109, 8588886016, 1165155503, 1164010408, 3.67043
20, 740.668, 11.0589, 8588886016, 1192427375, 1192427375, 0.001802
21, 727.54, 11.2585, 8588886016, 1226741064, 1227749970, 6.04305
22, 750.181, 10.9187, 8588886016, 1260030906, 1259127995, 3.57461
23, 744.483, 11.0023, 8588886016, 1285517893, 1285517893, 0.001965
24, 754.65, 10.854, 8588886016, 1311708496, 1312890297, 4.00621
25, 710.655, 11.526, 8588886016, 1367379161, 1366769299, 5.54143
26, 713.578, 11.4788, 8588886016, 1399248074, 1399210072, 4.34715
27, 716.153, 11.4375, 8588886016, 1429757948, 1429680017, 5.89038
28, 706.377, 11.5958, 8588886016, 1470793267, 1470611867, 1.5928
29, 726.163, 11.2798, 8588886016, 1510369695, 1510096369, 4.42665
