Backup ID, Ecall, Inline_Ocall, Offline_Ocall, _Inline_FPOcall, _Inline_SFOcall, _Inline_LocalOcall, _Inline_LoadOcall, _Inline_DeltaOcall, _Inline_RecipeOcall, _Inline_Write_ContainerOcall, _inline_have_similar_chunk_num, _inline_need_load_container_num
0,4681,8643,5,1132,1132,0,1116,4679,584,156,6505,1275,
1,9361,14658,10,1456,1456,0,1221,9357,1168,164,7701,1636,
2,14039,20957,15,1892,1892,0,1388,14033,1752,173,9758,2240,
3,18716,26833,20,2143,2143,0,1503,18708,2336,177,10837,2648,
4,23390,32819,25,2444,2444,0,1632,23380,2919,184,11917,3074,
5,28063,38783,30,2722,2722,0,1786,28051,3502,191,13014,3520,
6,32735,44868,35,3041,3041,0,1980,32721,4085,198,14169,4054,
7,37404,51019,31765,3386,3386,1,2191,37387,4668,208,15593,4679,
8,42072,56790,31770,3583,3583,1,2319,42053,5251,213,16254,5010,
9,46738,63065,71937,3971,3971,2,2572,46716,5833,224,17669,5675,
10,51402,69309,71942,4307,4307,2,2900,51378,6415,232,19203,6368,
11,56065,75079,71947,4500,4500,2,3041,56039,6997,236,19794,6689,
12,60724,80919,71952,4732,4732,2,3178,60696,7579,246,20360,6993,
13,65381,87165,115461,5078,5078,3,3496,65350,8160,255,21877,7692,
14,70035,93480,164771,5478,5478,5,3778,70000,8741,263,23285,8415,
15,74693,99834,219286,5855,5855,7,4141,74654,9322,275,24730,9201,
16,79348,106136,219291,6255,6255,7,4409,79307,9903,284,26055,9881,
17,84002,112393,219296,6625,6625,7,4693,83959,10484,291,27302,10545,
18,88655,118483,219301,6951,6951,7,4899,88610,11065,298,28121,11035,
19,93308,125027,272814,7411,7411,9,5291,93259,11646,309,29768,11953,
20,97962,131329,272819,7787,7787,9,5608,97911,12227,317,30875,12611,
21,102619,137793,342665,8218,8218,11,5974,102564,12808,326,32271,13425,
22,107280,144256,384003,8639,8639,12,6354,107222,13390,335,33382,14146,
23,111943,150670,384008,9032,9032,12,6739,111883,13972,343,34481,14836,
24,116609,157127,432375,9425,9425,13,7164,116546,14554,350,35700,15604,
25,121270,163878,501230,9914,9914,15,7696,121203,15136,364,37457,16600,
26,125932,170409,539231,10339,10339,16,8135,125862,15718,373,38622,17359,
27,130597,176999,615998,10775,10775,19,8608,130522,16300,381,39940,18213,
28,135267,183703,649652,11237,11237,20,9137,135189,16883,392,41451,19181,
29,139942,190491,697120,11736,11736,21,9670,139861,17467,403,42951,20110,
