Backup ID, Ecall, Inline_Ocall, Offline_Ocall, _Inline_FPOcall, _Inline_SFOcall, _Inline_LocalOcall, _Inline_LoadOcall, _Inline_DeltaOcall, _Inline_RecipeOcall, _Inline_Write_ContainerOcall, _inline_have_similar_chunk_num, _inline_need_load_container_num
0,4675,8470,77201,1143,1143,77,927,4596,584,160,6568,1367,
1,9342,14974,147717,1693,1693,130,1083,9208,1167,176,9540,2273,
2,14001,21523,251091,2278,2278,227,1223,13768,1749,200,13019,3403,
3,18652,28065,374024,2860,2860,346,1371,18298,2330,219,16213,4618,
4,23298,34635,519815,3457,3457,506,1523,22782,2910,243,19750,5998,
5,27929,41288,692771,4097,4097,681,1689,27236,3488,271,23623,7538,
6,32555,47923,880543,4706,4706,874,1905,31667,4065,293,27343,9151,
7,37176,54587,1064270,5354,5354,1066,2077,36094,4642,322,31150,10703,
8,41793,61306,1272040,6007,6007,1288,2299,40487,5218,348,35211,12473,
9,46407,67990,1493592,6660,6660,1498,2489,44889,5794,373,39194,14205,
10,51018,74848,1746929,7378,7378,1750,2726,49246,6370,406,43790,16272,
11,55635,81585,1980597,8054,8054,1937,2920,53674,6946,431,47640,17903,
12,60253,88395,2245203,8756,8756,2176,3134,58051,7522,459,51825,19787,
13,64876,95353,2526211,9522,9522,2413,3362,62435,8099,494,56438,21757,
14,69502,102255,2817880,10255,10255,2646,3597,66826,8676,522,60717,23724,
15,74130,109239,3127381,11004,11004,2885,3879,71213,9254,550,65027,25782,
16,78774,116333,3435972,11796,11796,3106,4167,75634,9834,585,69528,27773,
17,83425,123472,3767503,12610,12610,3331,4448,80058,10415,621,74105,29853,
18,88081,130605,4121873,13426,13426,3583,4714,84460,10996,654,78604,32010,
19,92747,137707,4453127,14223,14223,3783,4976,88924,11578,683,82711,33891,
20,97417,145024,4826490,15093,15093,4029,5302,93346,12161,717,87324,36131,
21,102093,152468,5203795,16029,16029,4293,5616,97756,12745,750,92060,38403,
22,106785,160039,5619758,17015,17015,4575,5939,102164,13331,792,97006,40786,
23,111491,167671,6011601,18021,18021,4793,6268,106650,13918,828,101610,42928,
24,116205,175335,6419454,19026,19026,5078,6622,111077,14506,863,106387,45341,
25,120942,183209,6847944,20108,20108,5366,7006,115524,15097,910,111707,47946,
26,125691,191271,7258886,21291,21291,5609,7362,120028,15690,953,116661,50270,
27,130456,199442,7719704,22507,22507,5893,7743,124507,16285,998,122034,52931,
28,135243,207770,8210384,23772,23772,6176,8158,129009,16883,1045,127477,55695,
29,140048,216259,8703375,25105,25105,6487,8578,133501,17483,1093,132952,58519,
